./build_data/dataset/C34-Economy/C34-Economy0001.txt,./build_data/dataset-sim/C34-Economy-sim/copy/C34-Economy0001_copy1.txt,1,1
./build_data/dataset/C34-Economy/C34-Economy0002.txt,./build_data/dataset-sim/C34-Economy-sim/copy/C34-Economy0002_copy1.txt,1,1
./build_data/dataset/C34-Economy/C34-Economy0003.txt,./build_data/dataset-sim/C34-Economy-sim/copy/C34-Economy0003_copy1.txt,1,1
./build_data/dataset/C34-Economy/C34-Economy0004.txt,./build_data/dataset-sim/C34-Economy-sim/copy/C34-Economy0004_copy1.txt,1,1
./build_data/dataset/C34-Economy/C34-Economy0005.txt,./build_data/dataset-sim/C34-Economy-sim/copy/C34-Economy0005_copy1.txt,1,1
./build_data/dataset/C34-Economy/C34-Economy0006.txt,./build_data/dataset-sim/C34-Economy-sim/copy/C34-Economy0006_copy1.txt,1,1
./build_data/dataset/C34-Economy/C34-Economy0007.txt,./build_data/dataset-sim/C34-Economy-sim/copy/C34-Economy0007_copy1.txt,1,1
./build_data/dataset/C34-Economy/C34-Economy0008.txt,./build_data/dataset-sim/C34-Economy-sim/copy/C34-Economy0008_copy1.txt,1,1
./build_data/dataset/C34-Economy/C34-Economy0009.txt,./build_data/dataset-sim/C34-Economy-sim/copy/C34-Economy0009_copy1.txt,1,1
./build_data/dataset/C34-Economy/C34-Economy0010.txt,./build_data/dataset-sim/C34-Economy-sim/copy/C34-Economy0010_copy1.txt,1,1
./build_data/dataset/C34-Economy/C34-Economy0011.txt,./build_data/dataset-sim/C34-Economy-sim/copy/C34-Economy0011_copy1.txt,1,1
./build_data/dataset/C34-Economy/C34-Economy0012.txt,./build_data/dataset-sim/C34-Economy-sim/copy/C34-Economy0012_copy1.txt,1,1
./build_data/dataset/C34-Economy/C34-Economy0013.txt,./build_data/dataset-sim/C34-Economy-sim/copy/C34-Economy0013_copy1.txt,1,1
./build_data/dataset/C34-Economy/C34-Economy0014.txt,./build_data/dataset-sim/C34-Economy-sim/copy/C34-Economy0014_copy1.txt,1,1
./build_data/dataset/C34-Economy/C34-Economy0015.txt,./build_data/dataset-sim/C34-Economy-sim/copy/C34-Economy0015_copy1.txt,1,1
./build_data/dataset/C34-Economy/C34-Economy0016.txt,./build_data/dataset-sim/C34-Economy-sim/copy/C34-Economy0016_copy1.txt,1,1
./build_data/dataset/C34-Economy/C34-Economy0017.txt,./build_data/dataset-sim/C34-Economy-sim/copy/C34-Economy0017_copy1.txt,1,1
./build_data/dataset/C34-Economy/C34-Economy0018.txt,./build_data/dataset-sim/C34-Economy-sim/copy/C34-Economy0018_copy1.txt,1,1
./build_data/dataset/C34-Economy/C34-Economy0019.txt,./build_data/dataset-sim/C34-Economy-sim/copy/C34-Economy0019_copy1.txt,1,1
./build_data/dataset/C34-Economy/C34-Economy0020.txt,./build_data/dataset-sim/C34-Economy-sim/copy/C34-Economy0020_copy1.txt,1,1
./build_data/dataset/C34-Economy/C34-Economy0021.txt,./build_data/dataset-sim/C34-Economy-sim/copy/C34-Economy0021_copy1.txt,1,1
./build_data/dataset/C34-Economy/C34-Economy0022.txt,./build_data/dataset-sim/C34-Economy-sim/copy/C34-Economy0022_copy1.txt,1,1
./build_data/dataset/C34-Economy/C34-Economy0023.txt,./build_data/dataset-sim/C34-Economy-sim/copy/C34-Economy0023_copy1.txt,1,1
./build_data/dataset/C34-Economy/C34-Economy0024.txt,./build_data/dataset-sim/C34-Economy-sim/copy/C34-Economy0024_copy1.txt,1,1
./build_data/dataset/C34-Economy/C34-Economy0001.txt,./build_data/dataset-sim/C34-Economy-sim/delete/C34-Economy0001_delete1.txt,1,1
./build_data/dataset/C34-Economy/C34-Economy0001.txt,./build_data/dataset-sim/C34-Economy-sim/delete/C34-Economy0001_delete2.txt,1,1
./build_data/dataset/C34-Economy/C34-Economy0001.txt,./build_data/dataset-sim/C34-Economy-sim/delete/C34-Economy0001_delete3.txt,1,1
./build_data/dataset/C34-Economy/C34-Economy0002.txt,./build_data/dataset-sim/C34-Economy-sim/delete/C34-Economy0002_delete1.txt,1,1
./build_data/dataset/C34-Economy/C34-Economy0002.txt,./build_data/dataset-sim/C34-Economy-sim/delete/C34-Economy0002_delete2.txt,1,1
./build_data/dataset/C34-Economy/C34-Economy0002.txt,./build_data/dataset-sim/C34-Economy-sim/delete/C34-Economy0002_delete3.txt,1,1
./build_data/dataset/C34-Economy/C34-Economy0003.txt,./build_data/dataset-sim/C34-Economy-sim/delete/C34-Economy0003_delete1.txt,1,1
./build_data/dataset/C34-Economy/C34-Economy0003.txt,./build_data/dataset-sim/C34-Economy-sim/delete/C34-Economy0003_delete2.txt,1,1
./build_data/dataset/C34-Economy/C34-Economy0003.txt,./build_data/dataset-sim/C34-Economy-sim/delete/C34-Economy0003_delete3.txt,1,1
./build_data/dataset/C34-Economy/C34-Economy0004.txt,./build_data/dataset-sim/C34-Economy-sim/delete/C34-Economy0004_delete1.txt,1,1
./build_data/dataset/C34-Economy/C34-Economy0004.txt,./build_data/dataset-sim/C34-Economy-sim/delete/C34-Economy0004_delete2.txt,1,1
./build_data/dataset/C34-Economy/C34-Economy0004.txt,./build_data/dataset-sim/C34-Economy-sim/delete/C34-Economy0004_delete3.txt,1,1
./build_data/dataset/C34-Economy/C34-Economy0005.txt,./build_data/dataset-sim/C34-Economy-sim/delete/C34-Economy0005_delete1.txt,1,1
./build_data/dataset/C34-Economy/C34-Economy0005.txt,./build_data/dataset-sim/C34-Economy-sim/delete/C34-Economy0005_delete2.txt,1,1
./build_data/dataset/C34-Economy/C34-Economy0005.txt,./build_data/dataset-sim/C34-Economy-sim/delete/C34-Economy0005_delete3.txt,1,1
./build_data/dataset/C34-Economy/C34-Economy0006.txt,./build_data/dataset-sim/C34-Economy-sim/delete/C34-Economy0006_delete1.txt,1,1
./build_data/dataset/C34-Economy/C34-Economy0006.txt,./build_data/dataset-sim/C34-Economy-sim/delete/C34-Economy0006_delete2.txt,1,1
./build_data/dataset/C34-Economy/C34-Economy0006.txt,./build_data/dataset-sim/C34-Economy-sim/delete/C34-Economy0006_delete3.txt,1,1
./build_data/dataset/C34-Economy/C34-Economy0007.txt,./build_data/dataset-sim/C34-Economy-sim/delete/C34-Economy0007_delete1.txt,1,1
./build_data/dataset/C34-Economy/C34-Economy0007.txt,./build_data/dataset-sim/C34-Economy-sim/delete/C34-Economy0007_delete2.txt,1,1
./build_data/dataset/C34-Economy/C34-Economy0007.txt,./build_data/dataset-sim/C34-Economy-sim/delete/C34-Economy0007_delete3.txt,1,1
./build_data/dataset/C34-Economy/C34-Economy0008.txt,./build_data/dataset-sim/C34-Economy-sim/delete/C34-Economy0008_delete1.txt,1,1
./build_data/dataset/C34-Economy/C34-Economy0008.txt,./build_data/dataset-sim/C34-Economy-sim/delete/C34-Economy0008_delete2.txt,1,1
./build_data/dataset/C34-Economy/C34-Economy0008.txt,./build_data/dataset-sim/C34-Economy-sim/delete/C34-Economy0008_delete3.txt,1,1
./build_data/dataset/C34-Economy/C34-Economy0009.txt,./build_data/dataset-sim/C34-Economy-sim/delete/C34-Economy0009_delete1.txt,1,1
./build_data/dataset/C34-Economy/C34-Economy0009.txt,./build_data/dataset-sim/C34-Economy-sim/delete/C34-Economy0009_delete2.txt,1,1
./build_data/dataset/C34-Economy/C34-Economy0009.txt,./build_data/dataset-sim/C34-Economy-sim/delete/C34-Economy0009_delete3.txt,1,1
./build_data/dataset/C34-Economy/C34-Economy0010.txt,./build_data/dataset-sim/C34-Economy-sim/delete/C34-Economy0010_delete1.txt,1,1
./build_data/dataset/C34-Economy/C34-Economy0010.txt,./build_data/dataset-sim/C34-Economy-sim/delete/C34-Economy0010_delete2.txt,1,1
./build_data/dataset/C34-Economy/C34-Economy0010.txt,./build_data/dataset-sim/C34-Economy-sim/delete/C34-Economy0010_delete3.txt,1,1
./build_data/dataset/C34-Economy/C34-Economy0011.txt,./build_data/dataset-sim/C34-Economy-sim/delete/C34-Economy0011_delete1.txt,1,1
./build_data/dataset/C34-Economy/C34-Economy0011.txt,./build_data/dataset-sim/C34-Economy-sim/delete/C34-Economy0011_delete2.txt,1,1
./build_data/dataset/C34-Economy/C34-Economy0011.txt,./build_data/dataset-sim/C34-Economy-sim/delete/C34-Economy0011_delete3.txt,1,1
./build_data/dataset/C34-Economy/C34-Economy0012.txt,./build_data/dataset-sim/C34-Economy-sim/delete/C34-Economy0012_delete1.txt,1,1
./build_data/dataset/C34-Economy/C34-Economy0012.txt,./build_data/dataset-sim/C34-Economy-sim/delete/C34-Economy0012_delete2.txt,1,1
./build_data/dataset/C34-Economy/C34-Economy0012.txt,./build_data/dataset-sim/C34-Economy-sim/delete/C34-Economy0012_delete3.txt,1,1
./build_data/dataset/C34-Economy/C34-Economy0013.txt,./build_data/dataset-sim/C34-Economy-sim/delete/C34-Economy0013_delete1.txt,1,1
./build_data/dataset/C34-Economy/C34-Economy0013.txt,./build_data/dataset-sim/C34-Economy-sim/delete/C34-Economy0013_delete2.txt,1,1
./build_data/dataset/C34-Economy/C34-Economy0013.txt,./build_data/dataset-sim/C34-Economy-sim/delete/C34-Economy0013_delete3.txt,1,1
./build_data/dataset/C34-Economy/C34-Economy0014.txt,./build_data/dataset-sim/C34-Economy-sim/delete/C34-Economy0014_delete1.txt,1,1
./build_data/dataset/C34-Economy/C34-Economy0014.txt,./build_data/dataset-sim/C34-Economy-sim/delete/C34-Economy0014_delete2.txt,1,1
./build_data/dataset/C34-Economy/C34-Economy0014.txt,./build_data/dataset-sim/C34-Economy-sim/delete/C34-Economy0014_delete3.txt,1,1
./build_data/dataset/C34-Economy/C34-Economy0015.txt,./build_data/dataset-sim/C34-Economy-sim/delete/C34-Economy0015_delete1.txt,1,1
./build_data/dataset/C34-Economy/C34-Economy0015.txt,./build_data/dataset-sim/C34-Economy-sim/delete/C34-Economy0015_delete2.txt,1,1
./build_data/dataset/C34-Economy/C34-Economy0015.txt,./build_data/dataset-sim/C34-Economy-sim/delete/C34-Economy0015_delete3.txt,1,1
./build_data/dataset/C34-Economy/C34-Economy0016.txt,./build_data/dataset-sim/C34-Economy-sim/delete/C34-Economy0016_delete1.txt,1,1
./build_data/dataset/C34-Economy/C34-Economy0016.txt,./build_data/dataset-sim/C34-Economy-sim/delete/C34-Economy0016_delete2.txt,1,1
./build_data/dataset/C34-Economy/C34-Economy0016.txt,./build_data/dataset-sim/C34-Economy-sim/delete/C34-Economy0016_delete3.txt,1,1
./build_data/dataset/C34-Economy/C34-Economy0017.txt,./build_data/dataset-sim/C34-Economy-sim/delete/C34-Economy0017_delete1.txt,1,1
./build_data/dataset/C34-Economy/C34-Economy0017.txt,./build_data/dataset-sim/C34-Economy-sim/delete/C34-Economy0017_delete2.txt,1,1
./build_data/dataset/C34-Economy/C34-Economy0017.txt,./build_data/dataset-sim/C34-Economy-sim/delete/C34-Economy0017_delete3.txt,1,1
./build_data/dataset/C34-Economy/C34-Economy0018.txt,./build_data/dataset-sim/C34-Economy-sim/delete/C34-Economy0018_delete1.txt,1,1
./build_data/dataset/C34-Economy/C34-Economy0018.txt,./build_data/dataset-sim/C34-Economy-sim/delete/C34-Economy0018_delete2.txt,1,1
./build_data/dataset/C34-Economy/C34-Economy0018.txt,./build_data/dataset-sim/C34-Economy-sim/delete/C34-Economy0018_delete3.txt,1,1
./build_data/dataset/C34-Economy/C34-Economy0019.txt,./build_data/dataset-sim/C34-Economy-sim/delete/C34-Economy0019_delete1.txt,1,1
./build_data/dataset/C34-Economy/C34-Economy0019.txt,./build_data/dataset-sim/C34-Economy-sim/delete/C34-Economy0019_delete2.txt,1,1
./build_data/dataset/C34-Economy/C34-Economy0019.txt,./build_data/dataset-sim/C34-Economy-sim/delete/C34-Economy0019_delete3.txt,1,1
./build_data/dataset/C34-Economy/C34-Economy0020.txt,./build_data/dataset-sim/C34-Economy-sim/delete/C34-Economy0020_delete1.txt,1,1
./build_data/dataset/C34-Economy/C34-Economy0020.txt,./build_data/dataset-sim/C34-Economy-sim/delete/C34-Economy0020_delete2.txt,1,1
./build_data/dataset/C34-Economy/C34-Economy0020.txt,./build_data/dataset-sim/C34-Economy-sim/delete/C34-Economy0020_delete3.txt,1,1
./build_data/dataset/C34-Economy/C34-Economy0021.txt,./build_data/dataset-sim/C34-Economy-sim/delete/C34-Economy0021_delete1.txt,1,1
./build_data/dataset/C34-Economy/C34-Economy0021.txt,./build_data/dataset-sim/C34-Economy-sim/delete/C34-Economy0021_delete2.txt,1,1
./build_data/dataset/C34-Economy/C34-Economy0021.txt,./build_data/dataset-sim/C34-Economy-sim/delete/C34-Economy0021_delete3.txt,1,1
./build_data/dataset/C34-Economy/C34-Economy0022.txt,./build_data/dataset-sim/C34-Economy-sim/delete/C34-Economy0022_delete1.txt,1,1
./build_data/dataset/C34-Economy/C34-Economy0022.txt,./build_data/dataset-sim/C34-Economy-sim/delete/C34-Economy0022_delete2.txt,1,1
./build_data/dataset/C34-Economy/C34-Economy0022.txt,./build_data/dataset-sim/C34-Economy-sim/delete/C34-Economy0022_delete3.txt,1,1
./build_data/dataset/C34-Economy/C34-Economy0023.txt,./build_data/dataset-sim/C34-Economy-sim/delete/C34-Economy0023_delete1.txt,1,1
./build_data/dataset/C34-Economy/C34-Economy0023.txt,./build_data/dataset-sim/C34-Economy-sim/delete/C34-Economy0023_delete2.txt,1,1
./build_data/dataset/C34-Economy/C34-Economy0023.txt,./build_data/dataset-sim/C34-Economy-sim/delete/C34-Economy0023_delete3.txt,1,1
./build_data/dataset/C34-Economy/C34-Economy0024.txt,./build_data/dataset-sim/C34-Economy-sim/delete/C34-Economy0024_delete1.txt,1,1
./build_data/dataset/C34-Economy/C34-Economy0024.txt,./build_data/dataset-sim/C34-Economy-sim/delete/C34-Economy0024_delete2.txt,1,1
./build_data/dataset/C34-Economy/C34-Economy0024.txt,./build_data/dataset-sim/C34-Economy-sim/delete/C34-Economy0024_delete3.txt,1,1
./build_data/dataset/C34-Economy/C34-Economy0025.txt,./build_data/dataset-sim/C34-Economy-sim/delete/C34-Economy0025_delete1.txt,1,1
./build_data/dataset/C34-Economy/C34-Economy0025.txt,./build_data/dataset-sim/C34-Economy-sim/delete/C34-Economy0025_delete2.txt,1,1
./build_data/dataset/C34-Economy/C34-Economy0025.txt,./build_data/dataset-sim/C34-Economy-sim/delete/C34-Economy0025_delete3.txt,1,1
./build_data/dataset/C34-Economy/C34-Economy0026.txt,./build_data/dataset-sim/C34-Economy-sim/delete/C34-Economy0026_delete1.txt,1,1
./build_data/dataset/C34-Economy/C34-Economy0026.txt,./build_data/dataset-sim/C34-Economy-sim/delete/C34-Economy0026_delete2.txt,1,1
./build_data/dataset/C34-Economy/C34-Economy0026.txt,./build_data/dataset-sim/C34-Economy-sim/delete/C34-Economy0026_delete3.txt,1,1
./build_data/dataset/C34-Economy/C34-Economy0027.txt,./build_data/dataset-sim/C34-Economy-sim/delete/C34-Economy0027_delete1.txt,1,1
./build_data/dataset/C34-Economy/C34-Economy0027.txt,./build_data/dataset-sim/C34-Economy-sim/delete/C34-Economy0027_delete2.txt,1,1
./build_data/dataset/C34-Economy/C34-Economy0027.txt,./build_data/dataset-sim/C34-Economy-sim/delete/C34-Economy0027_delete3.txt,1,1
./build_data/dataset/C34-Economy/C34-Economy0028.txt,./build_data/dataset-sim/C34-Economy-sim/delete/C34-Economy0028_delete1.txt,1,0
./build_data/dataset/C34-Economy/C34-Economy0028.txt,./build_data/dataset-sim/C34-Economy-sim/delete/C34-Economy0028_delete2.txt,1,1
./build_data/dataset/C34-Economy/C34-Economy0028.txt,./build_data/dataset-sim/C34-Economy-sim/delete/C34-Economy0028_delete3.txt,1,1
./build_data/dataset/C34-Economy/C34-Economy0029.txt,./build_data/dataset-sim/C34-Economy-sim/delete/C34-Economy0029_delete1.txt,1,1
./build_data/dataset/C34-Economy/C34-Economy0029.txt,./build_data/dataset-sim/C34-Economy-sim/delete/C34-Economy0029_delete2.txt,1,1
./build_data/dataset/C34-Economy/C34-Economy0029.txt,./build_data/dataset-sim/C34-Economy-sim/delete/C34-Economy0029_delete3.txt,1,1
./build_data/dataset/C34-Economy/C34-Economy0030.txt,./build_data/dataset-sim/C34-Economy-sim/delete/C34-Economy0030_delete1.txt,1,1
./build_data/dataset/C34-Economy/C34-Economy0030.txt,./build_data/dataset-sim/C34-Economy-sim/delete/C34-Economy0030_delete2.txt,1,1
./build_data/dataset/C34-Economy/C34-Economy0030.txt,./build_data/dataset-sim/C34-Economy-sim/delete/C34-Economy0030_delete3.txt,1,1
./build_data/dataset/C34-Economy/C34-Economy0031.txt,./build_data/dataset-sim/C34-Economy-sim/delete/C34-Economy0031_delete1.txt,1,1
./build_data/dataset/C34-Economy/C34-Economy0031.txt,./build_data/dataset-sim/C34-Economy-sim/delete/C34-Economy0031_delete2.txt,1,1
./build_data/dataset/C34-Economy/C34-Economy0031.txt,./build_data/dataset-sim/C34-Economy-sim/delete/C34-Economy0031_delete3.txt,1,1
./build_data/dataset/C34-Economy/C34-Economy0032.txt,./build_data/dataset-sim/C34-Economy-sim/delete/C34-Economy0032_delete1.txt,1,1
./build_data/dataset/C34-Economy/C34-Economy0032.txt,./build_data/dataset-sim/C34-Economy-sim/delete/C34-Economy0032_delete2.txt,1,1
./build_data/dataset/C34-Economy/C34-Economy0032.txt,./build_data/dataset-sim/C34-Economy-sim/delete/C34-Economy0032_delete3.txt,1,1
./build_data/dataset/C34-Economy/C34-Economy0033.txt,./build_data/dataset-sim/C34-Economy-sim/delete/C34-Economy0033_delete1.txt,1,1
./build_data/dataset/C34-Economy/C34-Economy0033.txt,./build_data/dataset-sim/C34-Economy-sim/delete/C34-Economy0033_delete2.txt,1,1
./build_data/dataset/C34-Economy/C34-Economy0033.txt,./build_data/dataset-sim/C34-Economy-sim/delete/C34-Economy0033_delete3.txt,1,1
./build_data/dataset/C34-Economy/C34-Economy0034.txt,./build_data/dataset-sim/C34-Economy-sim/delete/C34-Economy0034_delete1.txt,1,1
./build_data/dataset/C34-Economy/C34-Economy0034.txt,./build_data/dataset-sim/C34-Economy-sim/delete/C34-Economy0034_delete2.txt,1,1
./build_data/dataset/C34-Economy/C34-Economy0034.txt,./build_data/dataset-sim/C34-Economy-sim/delete/C34-Economy0034_delete3.txt,1,1
./build_data/dataset/C34-Economy/C34-Economy0035.txt,./build_data/dataset-sim/C34-Economy-sim/delete/C34-Economy0035_delete1.txt,1,1
./build_data/dataset/C34-Economy/C34-Economy0035.txt,./build_data/dataset-sim/C34-Economy-sim/delete/C34-Economy0035_delete2.txt,1,1
./build_data/dataset/C34-Economy/C34-Economy0035.txt,./build_data/dataset-sim/C34-Economy-sim/delete/C34-Economy0035_delete3.txt,1,1
./build_data/dataset/C34-Economy/C34-Economy0036.txt,./build_data/dataset-sim/C34-Economy-sim/delete/C34-Economy0036_delete1.txt,1,1
./build_data/dataset/C34-Economy/C34-Economy0036.txt,./build_data/dataset-sim/C34-Economy-sim/delete/C34-Economy0036_delete2.txt,1,1
./build_data/dataset/C34-Economy/C34-Economy0036.txt,./build_data/dataset-sim/C34-Economy-sim/delete/C34-Economy0036_delete3.txt,1,1
./build_data/dataset/C34-Economy/C34-Economy0037.txt,./build_data/dataset-sim/C34-Economy-sim/delete/C34-Economy0037_delete1.txt,1,1
./build_data/dataset/C34-Economy/C34-Economy0037.txt,./build_data/dataset-sim/C34-Economy-sim/delete/C34-Economy0037_delete2.txt,1,1
./build_data/dataset/C34-Economy/C34-Economy0037.txt,./build_data/dataset-sim/C34-Economy-sim/delete/C34-Economy0037_delete3.txt,1,1
./build_data/dataset/C34-Economy/C34-Economy0038.txt,./build_data/dataset-sim/C34-Economy-sim/delete/C34-Economy0038_delete1.txt,1,1
./build_data/dataset/C34-Economy/C34-Economy0038.txt,./build_data/dataset-sim/C34-Economy-sim/delete/C34-Economy0038_delete2.txt,1,1
./build_data/dataset/C34-Economy/C34-Economy0038.txt,./build_data/dataset-sim/C34-Economy-sim/delete/C34-Economy0038_delete3.txt,1,1
./build_data/dataset/C34-Economy/C34-Economy0039.txt,./build_data/dataset-sim/C34-Economy-sim/delete/C34-Economy0039_delete1.txt,1,1
./build_data/dataset/C34-Economy/C34-Economy0039.txt,./build_data/dataset-sim/C34-Economy-sim/delete/C34-Economy0039_delete2.txt,1,1
./build_data/dataset/C34-Economy/C34-Economy0039.txt,./build_data/dataset-sim/C34-Economy-sim/delete/C34-Economy0039_delete3.txt,1,1
./build_data/dataset/C34-Economy/C34-Economy0040.txt,./build_data/dataset-sim/C34-Economy-sim/delete/C34-Economy0040_delete1.txt,1,1
./build_data/dataset/C34-Economy/C34-Economy0040.txt,./build_data/dataset-sim/C34-Economy-sim/delete/C34-Economy0040_delete2.txt,1,1
./build_data/dataset/C34-Economy/C34-Economy0040.txt,./build_data/dataset-sim/C34-Economy-sim/delete/C34-Economy0040_delete3.txt,1,1
./build_data/dataset/C34-Economy/C34-Economy0042.txt,./build_data/dataset-sim/C34-Economy-sim/delete/C34-Economy0042_delete1.txt,1,1
./build_data/dataset/C34-Economy/C34-Economy0042.txt,./build_data/dataset-sim/C34-Economy-sim/delete/C34-Economy0042_delete2.txt,1,1
./build_data/dataset/C34-Economy/C34-Economy0042.txt,./build_data/dataset-sim/C34-Economy-sim/delete/C34-Economy0042_delete3.txt,1,1
./build_data/dataset/C34-Economy/C34-Economy0044.txt,./build_data/dataset-sim/C34-Economy-sim/delete/C34-Economy0044_delete1.txt,1,1
./build_data/dataset/C34-Economy/C34-Economy0044.txt,./build_data/dataset-sim/C34-Economy-sim/delete/C34-Economy0044_delete2.txt,1,1
./build_data/dataset/C34-Economy/C34-Economy0044.txt,./build_data/dataset-sim/C34-Economy-sim/delete/C34-Economy0044_delete3.txt,1,1
./build_data/dataset/C34-Economy/C34-Economy0046.txt,./build_data/dataset-sim/C34-Economy-sim/delete/C34-Economy0046_delete1.txt,1,1
./build_data/dataset/C34-Economy/C34-Economy0046.txt,./build_data/dataset-sim/C34-Economy-sim/delete/C34-Economy0046_delete2.txt,1,1
./build_data/dataset/C34-Economy/C34-Economy0046.txt,./build_data/dataset-sim/C34-Economy-sim/delete/C34-Economy0046_delete3.txt,1,1
./build_data/dataset/C34-Economy/C34-Economy0047.txt,./build_data/dataset-sim/C34-Economy-sim/delete/C34-Economy0047_delete1.txt,1,1
./build_data/dataset/C34-Economy/C34-Economy0047.txt,./build_data/dataset-sim/C34-Economy-sim/delete/C34-Economy0047_delete2.txt,1,1
./build_data/dataset/C34-Economy/C34-Economy0047.txt,./build_data/dataset-sim/C34-Economy-sim/delete/C34-Economy0047_delete3.txt,1,1
./build_data/dataset/C34-Economy/C34-Economy0048.txt,./build_data/dataset-sim/C34-Economy-sim/delete/C34-Economy0048_delete1.txt,1,1
./build_data/dataset/C34-Economy/C34-Economy0048.txt,./build_data/dataset-sim/C34-Economy-sim/delete/C34-Economy0048_delete2.txt,1,1
./build_data/dataset/C34-Economy/C34-Economy0048.txt,./build_data/dataset-sim/C34-Economy-sim/delete/C34-Economy0048_delete3.txt,1,1
./build_data/dataset/C34-Economy/C34-Economy0050.txt,./build_data/dataset-sim/C34-Economy-sim/delete/C34-Economy0050_delete1.txt,1,1
./build_data/dataset/C34-Economy/C34-Economy0050.txt,./build_data/dataset-sim/C34-Economy-sim/delete/C34-Economy0050_delete2.txt,1,1
./build_data/dataset/C34-Economy/C34-Economy0050.txt,./build_data/dataset-sim/C34-Economy-sim/delete/C34-Economy0050_delete3.txt,1,1
./build_data/dataset/C34-Economy/C34-Economy0052.txt,./build_data/dataset-sim/C34-Economy-sim/delete/C34-Economy0052_delete1.txt,1,1
./build_data/dataset/C34-Economy/C34-Economy0052.txt,./build_data/dataset-sim/C34-Economy-sim/delete/C34-Economy0052_delete2.txt,1,1
./build_data/dataset/C34-Economy/C34-Economy0052.txt,./build_data/dataset-sim/C34-Economy-sim/delete/C34-Economy0052_delete3.txt,1,1
./build_data/dataset/C34-Economy/C34-Economy0054.txt,./build_data/dataset-sim/C34-Economy-sim/delete/C34-Economy0054_delete1.txt,1,1
./build_data/dataset/C34-Economy/C34-Economy0054.txt,./build_data/dataset-sim/C34-Economy-sim/delete/C34-Economy0054_delete2.txt,1,1
./build_data/dataset/C34-Economy/C34-Economy0054.txt,./build_data/dataset-sim/C34-Economy-sim/delete/C34-Economy0054_delete3.txt,1,1
./build_data/dataset/C34-Economy/C34-Economy0001.txt,./build_data/dataset-sim/C34-Economy-sim/exchange/C34-Economy0001_exchange1.txt,1,1
./build_data/dataset/C34-Economy/C34-Economy0001.txt,./build_data/dataset-sim/C34-Economy-sim/exchange/C34-Economy0001_exchange2.txt,1,1
./build_data/dataset/C34-Economy/C34-Economy0002.txt,./build_data/dataset-sim/C34-Economy-sim/exchange/C34-Economy0002_exchange1.txt,1,1
./build_data/dataset/C34-Economy/C34-Economy0002.txt,./build_data/dataset-sim/C34-Economy-sim/exchange/C34-Economy0002_exchange2.txt,1,1
./build_data/dataset/C34-Economy/C34-Economy0003.txt,./build_data/dataset-sim/C34-Economy-sim/exchange/C34-Economy0003_exchange1.txt,1,1
./build_data/dataset/C34-Economy/C34-Economy0003.txt,./build_data/dataset-sim/C34-Economy-sim/exchange/C34-Economy0003_exchange2.txt,1,1
./build_data/dataset/C34-Economy/C34-Economy0004.txt,./build_data/dataset-sim/C34-Economy-sim/exchange/C34-Economy0004_exchange1.txt,1,1
./build_data/dataset/C34-Economy/C34-Economy0004.txt,./build_data/dataset-sim/C34-Economy-sim/exchange/C34-Economy0004_exchange2.txt,1,1
./build_data/dataset/C34-Economy/C34-Economy0005.txt,./build_data/dataset-sim/C34-Economy-sim/exchange/C34-Economy0005_exchange1.txt,1,1
./build_data/dataset/C34-Economy/C34-Economy0005.txt,./build_data/dataset-sim/C34-Economy-sim/exchange/C34-Economy0005_exchange2.txt,1,1
./build_data/dataset/C34-Economy/C34-Economy0006.txt,./build_data/dataset-sim/C34-Economy-sim/exchange/C34-Economy0006_exchange1.txt,1,1
./build_data/dataset/C34-Economy/C34-Economy0006.txt,./build_data/dataset-sim/C34-Economy-sim/exchange/C34-Economy0006_exchange2.txt,1,1
./build_data/dataset/C34-Economy/C34-Economy0007.txt,./build_data/dataset-sim/C34-Economy-sim/exchange/C34-Economy0007_exchange1.txt,1,1
./build_data/dataset/C34-Economy/C34-Economy0007.txt,./build_data/dataset-sim/C34-Economy-sim/exchange/C34-Economy0007_exchange2.txt,1,1
./build_data/dataset/C34-Economy/C34-Economy0008.txt,./build_data/dataset-sim/C34-Economy-sim/exchange/C34-Economy0008_exchange1.txt,1,1
./build_data/dataset/C34-Economy/C34-Economy0008.txt,./build_data/dataset-sim/C34-Economy-sim/exchange/C34-Economy0008_exchange2.txt,1,1
./build_data/dataset/C34-Economy/C34-Economy0009.txt,./build_data/dataset-sim/C34-Economy-sim/exchange/C34-Economy0009_exchange1.txt,1,1
./build_data/dataset/C34-Economy/C34-Economy0009.txt,./build_data/dataset-sim/C34-Economy-sim/exchange/C34-Economy0009_exchange2.txt,1,1
./build_data/dataset/C34-Economy/C34-Economy0010.txt,./build_data/dataset-sim/C34-Economy-sim/exchange/C34-Economy0010_exchange1.txt,1,1
./build_data/dataset/C34-Economy/C34-Economy0010.txt,./build_data/dataset-sim/C34-Economy-sim/exchange/C34-Economy0010_exchange2.txt,1,1
./build_data/dataset/C34-Economy/C34-Economy0011.txt,./build_data/dataset-sim/C34-Economy-sim/exchange/C34-Economy0011_exchange1.txt,1,1
./build_data/dataset/C34-Economy/C34-Economy0011.txt,./build_data/dataset-sim/C34-Economy-sim/exchange/C34-Economy0011_exchange2.txt,1,1
./build_data/dataset/C34-Economy/C34-Economy0012.txt,./build_data/dataset-sim/C34-Economy-sim/exchange/C34-Economy0012_exchange1.txt,1,1
./build_data/dataset/C34-Economy/C34-Economy0012.txt,./build_data/dataset-sim/C34-Economy-sim/exchange/C34-Economy0012_exchange2.txt,1,1
./build_data/dataset/C34-Economy/C34-Economy0013.txt,./build_data/dataset-sim/C34-Economy-sim/exchange/C34-Economy0013_exchange1.txt,1,1
./build_data/dataset/C34-Economy/C34-Economy0013.txt,./build_data/dataset-sim/C34-Economy-sim/exchange/C34-Economy0013_exchange2.txt,1,1
./build_data/dataset/C34-Economy/C34-Economy0014.txt,./build_data/dataset-sim/C34-Economy-sim/exchange/C34-Economy0014_exchange1.txt,1,1
./build_data/dataset/C34-Economy/C34-Economy0014.txt,./build_data/dataset-sim/C34-Economy-sim/exchange/C34-Economy0014_exchange2.txt,1,1
./build_data/dataset/C34-Economy/C34-Economy0015.txt,./build_data/dataset-sim/C34-Economy-sim/exchange/C34-Economy0015_exchange1.txt,1,1
./build_data/dataset/C34-Economy/C34-Economy0015.txt,./build_data/dataset-sim/C34-Economy-sim/exchange/C34-Economy0015_exchange2.txt,1,1
./build_data/dataset/C34-Economy/C34-Economy0016.txt,./build_data/dataset-sim/C34-Economy-sim/exchange/C34-Economy0016_exchange1.txt,1,1
./build_data/dataset/C34-Economy/C34-Economy0016.txt,./build_data/dataset-sim/C34-Economy-sim/exchange/C34-Economy0016_exchange2.txt,1,1
./build_data/dataset/C34-Economy/C34-Economy0017.txt,./build_data/dataset-sim/C34-Economy-sim/exchange/C34-Economy0017_exchange1.txt,1,1
./build_data/dataset/C34-Economy/C34-Economy0017.txt,./build_data/dataset-sim/C34-Economy-sim/exchange/C34-Economy0017_exchange2.txt,1,1
./build_data/dataset/C34-Economy/C34-Economy0018.txt,./build_data/dataset-sim/C34-Economy-sim/exchange/C34-Economy0018_exchange1.txt,1,1
./build_data/dataset/C34-Economy/C34-Economy0018.txt,./build_data/dataset-sim/C34-Economy-sim/exchange/C34-Economy0018_exchange2.txt,1,1
./build_data/dataset/C34-Economy/C34-Economy0019.txt,./build_data/dataset-sim/C34-Economy-sim/exchange/C34-Economy0019_exchange1.txt,1,1
./build_data/dataset/C34-Economy/C34-Economy0019.txt,./build_data/dataset-sim/C34-Economy-sim/exchange/C34-Economy0019_exchange2.txt,1,1
./build_data/dataset/C34-Economy/C34-Economy0020.txt,./build_data/dataset-sim/C34-Economy-sim/exchange/C34-Economy0020_exchange1.txt,1,1
./build_data/dataset/C34-Economy/C34-Economy0020.txt,./build_data/dataset-sim/C34-Economy-sim/exchange/C34-Economy0020_exchange2.txt,1,1
./build_data/dataset/C34-Economy/C34-Economy0021.txt,./build_data/dataset-sim/C34-Economy-sim/exchange/C34-Economy0021_exchange1.txt,1,1
./build_data/dataset/C34-Economy/C34-Economy0021.txt,./build_data/dataset-sim/C34-Economy-sim/exchange/C34-Economy0021_exchange2.txt,1,1
./build_data/dataset/C34-Economy/C34-Economy0022.txt,./build_data/dataset-sim/C34-Economy-sim/exchange/C34-Economy0022_exchange1.txt,1,1
./build_data/dataset/C34-Economy/C34-Economy0022.txt,./build_data/dataset-sim/C34-Economy-sim/exchange/C34-Economy0022_exchange2.txt,1,1
./build_data/dataset/C34-Economy/C34-Economy0023.txt,./build_data/dataset-sim/C34-Economy-sim/exchange/C34-Economy0023_exchange1.txt,1,1
./build_data/dataset/C34-Economy/C34-Economy0023.txt,./build_data/dataset-sim/C34-Economy-sim/exchange/C34-Economy0023_exchange2.txt,1,1
./build_data/dataset/C34-Economy/C34-Economy0024.txt,./build_data/dataset-sim/C34-Economy-sim/exchange/C34-Economy0024_exchange1.txt,1,1
./build_data/dataset/C34-Economy/C34-Economy0024.txt,./build_data/dataset-sim/C34-Economy-sim/exchange/C34-Economy0024_exchange2.txt,1,1
./build_data/dataset/C34-Economy/C34-Economy0025.txt,./build_data/dataset-sim/C34-Economy-sim/exchange/C34-Economy0025_exchange1.txt,1,1
./build_data/dataset/C34-Economy/C34-Economy0025.txt,./build_data/dataset-sim/C34-Economy-sim/exchange/C34-Economy0025_exchange2.txt,1,1
./build_data/dataset/C34-Economy/C34-Economy0026.txt,./build_data/dataset-sim/C34-Economy-sim/exchange/C34-Economy0026_exchange1.txt,1,1
./build_data/dataset/C34-Economy/C34-Economy0026.txt,./build_data/dataset-sim/C34-Economy-sim/exchange/C34-Economy0026_exchange2.txt,1,1
./build_data/dataset/C34-Economy/C34-Economy0027.txt,./build_data/dataset-sim/C34-Economy-sim/exchange/C34-Economy0027_exchange1.txt,1,1
./build_data/dataset/C34-Economy/C34-Economy0027.txt,./build_data/dataset-sim/C34-Economy-sim/exchange/C34-Economy0027_exchange2.txt,1,1
./build_data/dataset/C34-Economy/C34-Economy0028.txt,./build_data/dataset-sim/C34-Economy-sim/exchange/C34-Economy0028_exchange1.txt,1,1
./build_data/dataset/C34-Economy/C34-Economy0028.txt,./build_data/dataset-sim/C34-Economy-sim/exchange/C34-Economy0028_exchange2.txt,1,1
./build_data/dataset/C34-Economy/C34-Economy0029.txt,./build_data/dataset-sim/C34-Economy-sim/exchange/C34-Economy0029_exchange1.txt,1,1
./build_data/dataset/C34-Economy/C34-Economy0029.txt,./build_data/dataset-sim/C34-Economy-sim/exchange/C34-Economy0029_exchange2.txt,1,1
./build_data/dataset/C34-Economy/C34-Economy0030.txt,./build_data/dataset-sim/C34-Economy-sim/exchange/C34-Economy0030_exchange1.txt,1,1
./build_data/dataset/C34-Economy/C34-Economy0030.txt,./build_data/dataset-sim/C34-Economy-sim/exchange/C34-Economy0030_exchange2.txt,1,1
./build_data/dataset/C34-Economy/C34-Economy0031.txt,./build_data/dataset-sim/C34-Economy-sim/exchange/C34-Economy0031_exchange1.txt,1,1
./build_data/dataset/C34-Economy/C34-Economy0031.txt,./build_data/dataset-sim/C34-Economy-sim/exchange/C34-Economy0031_exchange2.txt,1,1
./build_data/dataset/C34-Economy/C34-Economy0032.txt,./build_data/dataset-sim/C34-Economy-sim/exchange/C34-Economy0032_exchange1.txt,1,1
./build_data/dataset/C34-Economy/C34-Economy0032.txt,./build_data/dataset-sim/C34-Economy-sim/exchange/C34-Economy0032_exchange2.txt,1,1
./build_data/dataset/C34-Economy/C34-Economy0033.txt,./build_data/dataset-sim/C34-Economy-sim/exchange/C34-Economy0033_exchange1.txt,1,1
./build_data/dataset/C34-Economy/C34-Economy0033.txt,./build_data/dataset-sim/C34-Economy-sim/exchange/C34-Economy0033_exchange2.txt,1,1
./build_data/dataset/C34-Economy/C34-Economy0034.txt,./build_data/dataset-sim/C34-Economy-sim/exchange/C34-Economy0034_exchange1.txt,1,1
./build_data/dataset/C34-Economy/C34-Economy0034.txt,./build_data/dataset-sim/C34-Economy-sim/exchange/C34-Economy0034_exchange2.txt,1,1
./build_data/dataset/C34-Economy/C34-Economy0035.txt,./build_data/dataset-sim/C34-Economy-sim/exchange/C34-Economy0035_exchange1.txt,1,1
./build_data/dataset/C34-Economy/C34-Economy0035.txt,./build_data/dataset-sim/C34-Economy-sim/exchange/C34-Economy0035_exchange2.txt,1,1
./build_data/dataset/C34-Economy/C34-Economy0036.txt,./build_data/dataset-sim/C34-Economy-sim/exchange/C34-Economy0036_exchange1.txt,1,1
./build_data/dataset/C34-Economy/C34-Economy0036.txt,./build_data/dataset-sim/C34-Economy-sim/exchange/C34-Economy0036_exchange2.txt,1,1
./build_data/dataset/C34-Economy/C34-Economy0037.txt,./build_data/dataset-sim/C34-Economy-sim/exchange/C34-Economy0037_exchange1.txt,1,1
./build_data/dataset/C34-Economy/C34-Economy0037.txt,./build_data/dataset-sim/C34-Economy-sim/exchange/C34-Economy0037_exchange2.txt,1,1
./build_data/dataset/C34-Economy/C34-Economy0038.txt,./build_data/dataset-sim/C34-Economy-sim/exchange/C34-Economy0038_exchange1.txt,1,1
./build_data/dataset/C34-Economy/C34-Economy0038.txt,./build_data/dataset-sim/C34-Economy-sim/exchange/C34-Economy0038_exchange2.txt,1,1
./build_data/dataset/C34-Economy/C34-Economy0039.txt,./build_data/dataset-sim/C34-Economy-sim/exchange/C34-Economy0039_exchange1.txt,1,1
./build_data/dataset/C34-Economy/C34-Economy0039.txt,./build_data/dataset-sim/C34-Economy-sim/exchange/C34-Economy0039_exchange2.txt,1,1
./build_data/dataset/C34-Economy/C34-Economy0040.txt,./build_data/dataset-sim/C34-Economy-sim/exchange/C34-Economy0040_exchange1.txt,1,1
./build_data/dataset/C34-Economy/C34-Economy0040.txt,./build_data/dataset-sim/C34-Economy-sim/exchange/C34-Economy0040_exchange2.txt,1,1
./build_data/dataset/C34-Economy/C34-Economy0042.txt,./build_data/dataset-sim/C34-Economy-sim/exchange/C34-Economy0042_exchange1.txt,1,1
./build_data/dataset/C34-Economy/C34-Economy0042.txt,./build_data/dataset-sim/C34-Economy-sim/exchange/C34-Economy0042_exchange2.txt,1,1
./build_data/dataset/C34-Economy/C34-Economy0044.txt,./build_data/dataset-sim/C34-Economy-sim/exchange/C34-Economy0044_exchange1.txt,1,1
./build_data/dataset/C34-Economy/C34-Economy0044.txt,./build_data/dataset-sim/C34-Economy-sim/exchange/C34-Economy0044_exchange2.txt,1,1
./build_data/dataset/C34-Economy/C34-Economy0046.txt,./build_data/dataset-sim/C34-Economy-sim/exchange/C34-Economy0046_exchange1.txt,1,1
./build_data/dataset/C34-Economy/C34-Economy0046.txt,./build_data/dataset-sim/C34-Economy-sim/exchange/C34-Economy0046_exchange2.txt,1,1
./build_data/dataset/C34-Economy/C34-Economy0047.txt,./build_data/dataset-sim/C34-Economy-sim/exchange/C34-Economy0047_exchange1.txt,1,1
./build_data/dataset/C34-Economy/C34-Economy0047.txt,./build_data/dataset-sim/C34-Economy-sim/exchange/C34-Economy0047_exchange2.txt,1,1
./build_data/dataset/C34-Economy/C34-Economy0048.txt,./build_data/dataset-sim/C34-Economy-sim/exchange/C34-Economy0048_exchange1.txt,1,1
./build_data/dataset/C34-Economy/C34-Economy0048.txt,./build_data/dataset-sim/C34-Economy-sim/exchange/C34-Economy0048_exchange2.txt,1,1
./build_data/dataset/C34-Economy/C34-Economy0050.txt,./build_data/dataset-sim/C34-Economy-sim/exchange/C34-Economy0050_exchange1.txt,1,1
./build_data/dataset/C34-Economy/C34-Economy0050.txt,./build_data/dataset-sim/C34-Economy-sim/exchange/C34-Economy0050_exchange2.txt,1,1
./build_data/dataset/C34-Economy/C34-Economy0052.txt,./build_data/dataset-sim/C34-Economy-sim/exchange/C34-Economy0052_exchange1.txt,1,1
./build_data/dataset/C34-Economy/C34-Economy0052.txt,./build_data/dataset-sim/C34-Economy-sim/exchange/C34-Economy0052_exchange2.txt,1,1
./build_data/dataset/C34-Economy/C34-Economy0054.txt,./build_data/dataset-sim/C34-Economy-sim/exchange/C34-Economy0054_exchange1.txt,1,1
./build_data/dataset/C34-Economy/C34-Economy0054.txt,./build_data/dataset-sim/C34-Economy-sim/exchange/C34-Economy0054_exchange2.txt,1,1
./build_data/dataset/C34-Economy/C34-Economy0001.txt,./build_data/dataset-sim/C34-Economy-sim/patch/C34-Economy0001_patch1.txt,1,1
./build_data/dataset/C34-Economy/C34-Economy0001.txt,./build_data/dataset-sim/C34-Economy-sim/patch/C34-Economy0001_patch2.txt,1,1
./build_data/dataset/C34-Economy/C34-Economy0001.txt,./build_data/dataset-sim/C34-Economy-sim/patch/C34-Economy0001_patch3.txt,1,1
./build_data/dataset/C34-Economy/C34-Economy0002.txt,./build_data/dataset-sim/C34-Economy-sim/patch/C34-Economy0002_patch1.txt,1,1
./build_data/dataset/C34-Economy/C34-Economy0002.txt,./build_data/dataset-sim/C34-Economy-sim/patch/C34-Economy0002_patch2.txt,1,1
./build_data/dataset/C34-Economy/C34-Economy0002.txt,./build_data/dataset-sim/C34-Economy-sim/patch/C34-Economy0002_patch3.txt,1,1
./build_data/dataset/C34-Economy/C34-Economy0003.txt,./build_data/dataset-sim/C34-Economy-sim/patch/C34-Economy0003_patch1.txt,1,1
./build_data/dataset/C34-Economy/C34-Economy0003.txt,./build_data/dataset-sim/C34-Economy-sim/patch/C34-Economy0003_patch2.txt,1,0
./build_data/dataset/C34-Economy/C34-Economy0003.txt,./build_data/dataset-sim/C34-Economy-sim/patch/C34-Economy0003_patch3.txt,1,1
./build_data/dataset/C34-Economy/C34-Economy0004.txt,./build_data/dataset-sim/C34-Economy-sim/patch/C34-Economy0004_patch1.txt,1,0
./build_data/dataset/C34-Economy/C34-Economy0004.txt,./build_data/dataset-sim/C34-Economy-sim/patch/C34-Economy0004_patch2.txt,1,0
./build_data/dataset/C34-Economy/C34-Economy0004.txt,./build_data/dataset-sim/C34-Economy-sim/patch/C34-Economy0004_patch3.txt,1,0
./build_data/dataset/C34-Economy/C34-Economy0005.txt,./build_data/dataset-sim/C34-Economy-sim/patch/C34-Economy0005_patch1.txt,1,1
./build_data/dataset/C34-Economy/C34-Economy0005.txt,./build_data/dataset-sim/C34-Economy-sim/patch/C34-Economy0005_patch2.txt,1,1
./build_data/dataset/C34-Economy/C34-Economy0005.txt,./build_data/dataset-sim/C34-Economy-sim/patch/C34-Economy0005_patch3.txt,1,1
./build_data/dataset/C34-Economy/C34-Economy0006.txt,./build_data/dataset-sim/C34-Economy-sim/patch/C34-Economy0006_patch1.txt,1,1
./build_data/dataset/C34-Economy/C34-Economy0006.txt,./build_data/dataset-sim/C34-Economy-sim/patch/C34-Economy0006_patch2.txt,1,1
./build_data/dataset/C34-Economy/C34-Economy0006.txt,./build_data/dataset-sim/C34-Economy-sim/patch/C34-Economy0006_patch3.txt,1,1
./build_data/dataset/C34-Economy/C34-Economy0007.txt,./build_data/dataset-sim/C34-Economy-sim/patch/C34-Economy0007_patch1.txt,1,1
./build_data/dataset/C34-Economy/C34-Economy0007.txt,./build_data/dataset-sim/C34-Economy-sim/patch/C34-Economy0007_patch2.txt,1,1
./build_data/dataset/C34-Economy/C34-Economy0007.txt,./build_data/dataset-sim/C34-Economy-sim/patch/C34-Economy0007_patch3.txt,1,1
./build_data/dataset/C34-Economy/C34-Economy0008.txt,./build_data/dataset-sim/C34-Economy-sim/patch/C34-Economy0008_patch1.txt,1,1
./build_data/dataset/C34-Economy/C34-Economy0008.txt,./build_data/dataset-sim/C34-Economy-sim/patch/C34-Economy0008_patch2.txt,1,0
./build_data/dataset/C34-Economy/C34-Economy0008.txt,./build_data/dataset-sim/C34-Economy-sim/patch/C34-Economy0008_patch3.txt,1,1
./build_data/dataset/C34-Economy/C34-Economy0009.txt,./build_data/dataset-sim/C34-Economy-sim/patch/C34-Economy0009_patch1.txt,1,1
./build_data/dataset/C34-Economy/C34-Economy0009.txt,./build_data/dataset-sim/C34-Economy-sim/patch/C34-Economy0009_patch2.txt,1,1
./build_data/dataset/C34-Economy/C34-Economy0009.txt,./build_data/dataset-sim/C34-Economy-sim/patch/C34-Economy0009_patch3.txt,1,1
./build_data/dataset/C34-Economy/C34-Economy0010.txt,./build_data/dataset-sim/C34-Economy-sim/patch/C34-Economy0010_patch1.txt,1,1
./build_data/dataset/C34-Economy/C34-Economy0010.txt,./build_data/dataset-sim/C34-Economy-sim/patch/C34-Economy0010_patch2.txt,1,1
./build_data/dataset/C34-Economy/C34-Economy0010.txt,./build_data/dataset-sim/C34-Economy-sim/patch/C34-Economy0010_patch3.txt,1,1
./build_data/dataset/C34-Economy/C34-Economy0011.txt,./build_data/dataset-sim/C34-Economy-sim/patch/C34-Economy0011_patch1.txt,1,0
./build_data/dataset/C34-Economy/C34-Economy0011.txt,./build_data/dataset-sim/C34-Economy-sim/patch/C34-Economy0011_patch2.txt,1,1
./build_data/dataset/C34-Economy/C34-Economy0011.txt,./build_data/dataset-sim/C34-Economy-sim/patch/C34-Economy0011_patch3.txt,1,1
./build_data/dataset/C34-Economy/C34-Economy0012.txt,./build_data/dataset-sim/C34-Economy-sim/patch/C34-Economy0012_patch1.txt,1,1
./build_data/dataset/C34-Economy/C34-Economy0012.txt,./build_data/dataset-sim/C34-Economy-sim/patch/C34-Economy0012_patch2.txt,1,1
./build_data/dataset/C34-Economy/C34-Economy0012.txt,./build_data/dataset-sim/C34-Economy-sim/patch/C34-Economy0012_patch3.txt,1,1
./build_data/dataset/C34-Economy/C34-Economy0013.txt,./build_data/dataset-sim/C34-Economy-sim/patch/C34-Economy0013_patch1.txt,1,1
./build_data/dataset/C34-Economy/C34-Economy0013.txt,./build_data/dataset-sim/C34-Economy-sim/patch/C34-Economy0013_patch2.txt,1,1
./build_data/dataset/C34-Economy/C34-Economy0013.txt,./build_data/dataset-sim/C34-Economy-sim/patch/C34-Economy0013_patch3.txt,1,1
./build_data/dataset/C34-Economy/C34-Economy0014.txt,./build_data/dataset-sim/C34-Economy-sim/patch/C34-Economy0014_patch1.txt,1,1
./build_data/dataset/C34-Economy/C34-Economy0014.txt,./build_data/dataset-sim/C34-Economy-sim/patch/C34-Economy0014_patch2.txt,1,1
./build_data/dataset/C34-Economy/C34-Economy0014.txt,./build_data/dataset-sim/C34-Economy-sim/patch/C34-Economy0014_patch3.txt,1,0
./build_data/dataset/C34-Economy/C34-Economy0015.txt,./build_data/dataset-sim/C34-Economy-sim/patch/C34-Economy0015_patch1.txt,1,0
./build_data/dataset/C34-Economy/C34-Economy0015.txt,./build_data/dataset-sim/C34-Economy-sim/patch/C34-Economy0015_patch2.txt,1,0
./build_data/dataset/C34-Economy/C34-Economy0015.txt,./build_data/dataset-sim/C34-Economy-sim/patch/C34-Economy0015_patch3.txt,1,0
./build_data/dataset/C34-Economy/C34-Economy0016.txt,./build_data/dataset-sim/C34-Economy-sim/patch/C34-Economy0016_patch1.txt,1,1
./build_data/dataset/C34-Economy/C34-Economy0016.txt,./build_data/dataset-sim/C34-Economy-sim/patch/C34-Economy0016_patch2.txt,1,1
./build_data/dataset/C34-Economy/C34-Economy0016.txt,./build_data/dataset-sim/C34-Economy-sim/patch/C34-Economy0016_patch3.txt,1,1
./build_data/dataset/C34-Economy/C34-Economy0017.txt,./build_data/dataset-sim/C34-Economy-sim/patch/C34-Economy0017_patch1.txt,1,1
./build_data/dataset/C34-Economy/C34-Economy0017.txt,./build_data/dataset-sim/C34-Economy-sim/patch/C34-Economy0017_patch2.txt,1,1
./build_data/dataset/C34-Economy/C34-Economy0017.txt,./build_data/dataset-sim/C34-Economy-sim/patch/C34-Economy0017_patch3.txt,1,1
./build_data/dataset/C34-Economy/C34-Economy0018.txt,./build_data/dataset-sim/C34-Economy-sim/patch/C34-Economy0018_patch1.txt,1,1
./build_data/dataset/C34-Economy/C34-Economy0018.txt,./build_data/dataset-sim/C34-Economy-sim/patch/C34-Economy0018_patch2.txt,1,1
./build_data/dataset/C34-Economy/C34-Economy0018.txt,./build_data/dataset-sim/C34-Economy-sim/patch/C34-Economy0018_patch3.txt,1,1
./build_data/dataset/C34-Economy/C34-Economy0019.txt,./build_data/dataset-sim/C34-Economy-sim/patch/C34-Economy0019_patch1.txt,1,1
./build_data/dataset/C34-Economy/C34-Economy0019.txt,./build_data/dataset-sim/C34-Economy-sim/patch/C34-Economy0019_patch2.txt,1,1
./build_data/dataset/C34-Economy/C34-Economy0019.txt,./build_data/dataset-sim/C34-Economy-sim/patch/C34-Economy0019_patch3.txt,1,1
./build_data/dataset/C34-Economy/C34-Economy0020.txt,./build_data/dataset-sim/C34-Economy-sim/patch/C34-Economy0020_patch1.txt,1,1
./build_data/dataset/C34-Economy/C34-Economy0020.txt,./build_data/dataset-sim/C34-Economy-sim/patch/C34-Economy0020_patch2.txt,1,0
./build_data/dataset/C34-Economy/C34-Economy0020.txt,./build_data/dataset-sim/C34-Economy-sim/patch/C34-Economy0020_patch3.txt,1,0
./build_data/dataset/C34-Economy/C34-Economy0021.txt,./build_data/dataset-sim/C34-Economy-sim/patch/C34-Economy0021_patch1.txt,1,1
./build_data/dataset/C34-Economy/C34-Economy0021.txt,./build_data/dataset-sim/C34-Economy-sim/patch/C34-Economy0021_patch2.txt,1,1
./build_data/dataset/C34-Economy/C34-Economy0021.txt,./build_data/dataset-sim/C34-Economy-sim/patch/C34-Economy0021_patch3.txt,1,1
./build_data/dataset/C34-Economy/C34-Economy0022.txt,./build_data/dataset-sim/C34-Economy-sim/patch/C34-Economy0022_patch1.txt,1,1
./build_data/dataset/C34-Economy/C34-Economy0022.txt,./build_data/dataset-sim/C34-Economy-sim/patch/C34-Economy0022_patch2.txt,1,1
./build_data/dataset/C34-Economy/C34-Economy0022.txt,./build_data/dataset-sim/C34-Economy-sim/patch/C34-Economy0022_patch3.txt,1,1
./build_data/dataset/C34-Economy/C34-Economy0023.txt,./build_data/dataset-sim/C34-Economy-sim/patch/C34-Economy0023_patch1.txt,1,1
./build_data/dataset/C34-Economy/C34-Economy0023.txt,./build_data/dataset-sim/C34-Economy-sim/patch/C34-Economy0023_patch2.txt,1,1
./build_data/dataset/C34-Economy/C34-Economy0023.txt,./build_data/dataset-sim/C34-Economy-sim/patch/C34-Economy0023_patch3.txt,1,0
./build_data/dataset/C34-Economy/C34-Economy0024.txt,./build_data/dataset-sim/C34-Economy-sim/patch/C34-Economy0024_patch1.txt,1,0
./build_data/dataset/C34-Economy/C34-Economy0024.txt,./build_data/dataset-sim/C34-Economy-sim/patch/C34-Economy0024_patch2.txt,1,1
./build_data/dataset/C34-Economy/C34-Economy0024.txt,./build_data/dataset-sim/C34-Economy-sim/patch/C34-Economy0024_patch3.txt,1,1
./build_data/dataset/C34-Economy/C34-Economy0025.txt,./build_data/dataset-sim/C34-Economy-sim/patch/C34-Economy0025_patch1.txt,1,1
./build_data/dataset/C34-Economy/C34-Economy0025.txt,./build_data/dataset-sim/C34-Economy-sim/patch/C34-Economy0025_patch2.txt,1,1
./build_data/dataset/C34-Economy/C34-Economy0025.txt,./build_data/dataset-sim/C34-Economy-sim/patch/C34-Economy0025_patch3.txt,1,1
./build_data/dataset/C34-Economy/C34-Economy0026.txt,./build_data/dataset-sim/C34-Economy-sim/patch/C34-Economy0026_patch1.txt,1,0
./build_data/dataset/C34-Economy/C34-Economy0026.txt,./build_data/dataset-sim/C34-Economy-sim/patch/C34-Economy0026_patch2.txt,1,1
./build_data/dataset/C34-Economy/C34-Economy0026.txt,./build_data/dataset-sim/C34-Economy-sim/patch/C34-Economy0026_patch3.txt,1,1
./build_data/dataset/C34-Economy/C34-Economy0027.txt,./build_data/dataset-sim/C34-Economy-sim/patch/C34-Economy0027_patch1.txt,1,1
./build_data/dataset/C34-Economy/C34-Economy0027.txt,./build_data/dataset-sim/C34-Economy-sim/patch/C34-Economy0027_patch2.txt,1,1
./build_data/dataset/C34-Economy/C34-Economy0027.txt,./build_data/dataset-sim/C34-Economy-sim/patch/C34-Economy0027_patch3.txt,1,1
./build_data/dataset/C34-Economy/C34-Economy0028.txt,./build_data/dataset-sim/C34-Economy-sim/patch/C34-Economy0028_patch1.txt,1,0
./build_data/dataset/C34-Economy/C34-Economy0028.txt,./build_data/dataset-sim/C34-Economy-sim/patch/C34-Economy0028_patch2.txt,1,1
./build_data/dataset/C34-Economy/C34-Economy0028.txt,./build_data/dataset-sim/C34-Economy-sim/patch/C34-Economy0028_patch3.txt,1,0
./build_data/dataset/C34-Economy/C34-Economy0029.txt,./build_data/dataset-sim/C34-Economy-sim/patch/C34-Economy0029_patch1.txt,1,1
./build_data/dataset/C34-Economy/C34-Economy0029.txt,./build_data/dataset-sim/C34-Economy-sim/patch/C34-Economy0029_patch2.txt,1,1
./build_data/dataset/C34-Economy/C34-Economy0029.txt,./build_data/dataset-sim/C34-Economy-sim/patch/C34-Economy0029_patch3.txt,1,1
./build_data/dataset/C34-Economy/C34-Economy0030.txt,./build_data/dataset-sim/C34-Economy-sim/patch/C34-Economy0030_patch1.txt,1,0
./build_data/dataset/C34-Economy/C34-Economy0030.txt,./build_data/dataset-sim/C34-Economy-sim/patch/C34-Economy0030_patch2.txt,1,0
./build_data/dataset/C34-Economy/C34-Economy0030.txt,./build_data/dataset-sim/C34-Economy-sim/patch/C34-Economy0030_patch3.txt,1,0
./build_data/dataset/C34-Economy/C34-Economy0031.txt,./build_data/dataset-sim/C34-Economy-sim/patch/C34-Economy0031_patch1.txt,1,1
./build_data/dataset/C34-Economy/C34-Economy0031.txt,./build_data/dataset-sim/C34-Economy-sim/patch/C34-Economy0031_patch2.txt,1,0
./build_data/dataset/C34-Economy/C34-Economy0031.txt,./build_data/dataset-sim/C34-Economy-sim/patch/C34-Economy0031_patch3.txt,1,0
./build_data/dataset/C34-Economy/C34-Economy0032.txt,./build_data/dataset-sim/C34-Economy-sim/patch/C34-Economy0032_patch1.txt,1,1
./build_data/dataset/C34-Economy/C34-Economy0032.txt,./build_data/dataset-sim/C34-Economy-sim/patch/C34-Economy0032_patch2.txt,1,0
./build_data/dataset/C34-Economy/C34-Economy0032.txt,./build_data/dataset-sim/C34-Economy-sim/patch/C34-Economy0032_patch3.txt,1,1
./build_data/dataset/C34-Economy/C34-Economy0033.txt,./build_data/dataset-sim/C34-Economy-sim/patch/C34-Economy0033_patch1.txt,1,1
./build_data/dataset/C34-Economy/C34-Economy0033.txt,./build_data/dataset-sim/C34-Economy-sim/patch/C34-Economy0033_patch2.txt,1,1
./build_data/dataset/C34-Economy/C34-Economy0033.txt,./build_data/dataset-sim/C34-Economy-sim/patch/C34-Economy0033_patch3.txt,1,1
./build_data/dataset/C34-Economy/C34-Economy0034.txt,./build_data/dataset-sim/C34-Economy-sim/patch/C34-Economy0034_patch1.txt,1,1
./build_data/dataset/C34-Economy/C34-Economy0034.txt,./build_data/dataset-sim/C34-Economy-sim/patch/C34-Economy0034_patch2.txt,1,1
./build_data/dataset/C34-Economy/C34-Economy0034.txt,./build_data/dataset-sim/C34-Economy-sim/patch/C34-Economy0034_patch3.txt,1,1
./build_data/dataset/C34-Economy/C34-Economy0035.txt,./build_data/dataset-sim/C34-Economy-sim/patch/C34-Economy0035_patch1.txt,1,1
./build_data/dataset/C34-Economy/C34-Economy0035.txt,./build_data/dataset-sim/C34-Economy-sim/patch/C34-Economy0035_patch2.txt,1,1
./build_data/dataset/C34-Economy/C34-Economy0035.txt,./build_data/dataset-sim/C34-Economy-sim/patch/C34-Economy0035_patch3.txt,1,1
./build_data/dataset/C34-Economy/C34-Economy0036.txt,./build_data/dataset-sim/C34-Economy-sim/patch/C34-Economy0036_patch1.txt,1,1
./build_data/dataset/C34-Economy/C34-Economy0036.txt,./build_data/dataset-sim/C34-Economy-sim/patch/C34-Economy0036_patch2.txt,1,1
./build_data/dataset/C34-Economy/C34-Economy0036.txt,./build_data/dataset-sim/C34-Economy-sim/patch/C34-Economy0036_patch3.txt,1,1
./build_data/dataset/C34-Economy/C34-Economy0037.txt,./build_data/dataset-sim/C34-Economy-sim/patch/C34-Economy0037_patch1.txt,1,1
./build_data/dataset/C34-Economy/C34-Economy0037.txt,./build_data/dataset-sim/C34-Economy-sim/patch/C34-Economy0037_patch2.txt,1,1
./build_data/dataset/C34-Economy/C34-Economy0037.txt,./build_data/dataset-sim/C34-Economy-sim/patch/C34-Economy0037_patch3.txt,1,1
./build_data/dataset/C34-Economy/C34-Economy0038.txt,./build_data/dataset-sim/C34-Economy-sim/patch/C34-Economy0038_patch1.txt,1,0
./build_data/dataset/C34-Economy/C34-Economy0038.txt,./build_data/dataset-sim/C34-Economy-sim/patch/C34-Economy0038_patch2.txt,1,1
./build_data/dataset/C34-Economy/C34-Economy0038.txt,./build_data/dataset-sim/C34-Economy-sim/patch/C34-Economy0038_patch3.txt,1,1
./build_data/dataset/C34-Economy/C34-Economy0039.txt,./build_data/dataset-sim/C34-Economy-sim/patch/C34-Economy0039_patch1.txt,1,1
./build_data/dataset/C34-Economy/C34-Economy0039.txt,./build_data/dataset-sim/C34-Economy-sim/patch/C34-Economy0039_patch2.txt,1,1
./build_data/dataset/C34-Economy/C34-Economy0039.txt,./build_data/dataset-sim/C34-Economy-sim/patch/C34-Economy0039_patch3.txt,1,1
./build_data/dataset/C34-Economy/C34-Economy0040.txt,./build_data/dataset-sim/C34-Economy-sim/patch/C34-Economy0040_patch1.txt,1,1
./build_data/dataset/C34-Economy/C34-Economy0040.txt,./build_data/dataset-sim/C34-Economy-sim/patch/C34-Economy0040_patch2.txt,1,1
./build_data/dataset/C34-Economy/C34-Economy0040.txt,./build_data/dataset-sim/C34-Economy-sim/patch/C34-Economy0040_patch3.txt,1,1
./build_data/dataset/C34-Economy/C34-Economy0042.txt,./build_data/dataset-sim/C34-Economy-sim/patch/C34-Economy0042_patch1.txt,1,0
./build_data/dataset/C34-Economy/C34-Economy0042.txt,./build_data/dataset-sim/C34-Economy-sim/patch/C34-Economy0042_patch2.txt,1,1
./build_data/dataset/C34-Economy/C34-Economy0042.txt,./build_data/dataset-sim/C34-Economy-sim/patch/C34-Economy0042_patch3.txt,1,0
./build_data/dataset/C34-Economy/C34-Economy0044.txt,./build_data/dataset-sim/C34-Economy-sim/patch/C34-Economy0044_patch1.txt,1,1
./build_data/dataset/C34-Economy/C34-Economy0044.txt,./build_data/dataset-sim/C34-Economy-sim/patch/C34-Economy0044_patch2.txt,1,1
./build_data/dataset/C34-Economy/C34-Economy0044.txt,./build_data/dataset-sim/C34-Economy-sim/patch/C34-Economy0044_patch3.txt,1,1
./build_data/dataset/C34-Economy/C34-Economy0046.txt,./build_data/dataset-sim/C34-Economy-sim/patch/C34-Economy0046_patch1.txt,1,1
./build_data/dataset/C34-Economy/C34-Economy0046.txt,./build_data/dataset-sim/C34-Economy-sim/patch/C34-Economy0046_patch2.txt,1,1
./build_data/dataset/C34-Economy/C34-Economy0046.txt,./build_data/dataset-sim/C34-Economy-sim/patch/C34-Economy0046_patch3.txt,1,1
./build_data/dataset/C34-Economy/C34-Economy0047.txt,./build_data/dataset-sim/C34-Economy-sim/patch/C34-Economy0047_patch1.txt,1,1
./build_data/dataset/C34-Economy/C34-Economy0047.txt,./build_data/dataset-sim/C34-Economy-sim/patch/C34-Economy0047_patch2.txt,1,1
./build_data/dataset/C34-Economy/C34-Economy0047.txt,./build_data/dataset-sim/C34-Economy-sim/patch/C34-Economy0047_patch3.txt,1,1
./build_data/dataset/C34-Economy/C34-Economy0048.txt,./build_data/dataset-sim/C34-Economy-sim/patch/C34-Economy0048_patch1.txt,1,1
./build_data/dataset/C34-Economy/C34-Economy0048.txt,./build_data/dataset-sim/C34-Economy-sim/patch/C34-Economy0048_patch2.txt,1,1
./build_data/dataset/C34-Economy/C34-Economy0048.txt,./build_data/dataset-sim/C34-Economy-sim/patch/C34-Economy0048_patch3.txt,1,1
./build_data/dataset/C34-Economy/C34-Economy0050.txt,./build_data/dataset-sim/C34-Economy-sim/patch/C34-Economy0050_patch1.txt,1,1
./build_data/dataset/C34-Economy/C34-Economy0050.txt,./build_data/dataset-sim/C34-Economy-sim/patch/C34-Economy0050_patch2.txt,1,1
./build_data/dataset/C34-Economy/C34-Economy0050.txt,./build_data/dataset-sim/C34-Economy-sim/patch/C34-Economy0050_patch3.txt,1,1
./build_data/dataset/C34-Economy/C34-Economy0052.txt,./build_data/dataset-sim/C34-Economy-sim/patch/C34-Economy0052_patch1.txt,1,1
./build_data/dataset/C34-Economy/C34-Economy0052.txt,./build_data/dataset-sim/C34-Economy-sim/patch/C34-Economy0052_patch2.txt,1,1
./build_data/dataset/C34-Economy/C34-Economy0052.txt,./build_data/dataset-sim/C34-Economy-sim/patch/C34-Economy0052_patch3.txt,1,1
./build_data/dataset/C34-Economy/C34-Economy0054.txt,./build_data/dataset-sim/C34-Economy-sim/patch/C34-Economy0054_patch1.txt,1,1
./build_data/dataset/C34-Economy/C34-Economy0054.txt,./build_data/dataset-sim/C34-Economy-sim/patch/C34-Economy0054_patch2.txt,1,1
./build_data/dataset/C34-Economy/C34-Economy0054.txt,./build_data/dataset-sim/C34-Economy-sim/patch/C34-Economy0054_patch3.txt,1,1
./build_data/dataset/C34-Economy/C34-Economy0001.txt,./build_data/dataset-sim/C34-Economy-sim/synthesize/C34-Economy0001_synthesize1.txt,1,1
./build_data/dataset/C34-Economy/C34-Economy0001.txt,./build_data/dataset-sim/C34-Economy-sim/synthesize/C34-Economy0001_synthesize2.txt,1,1
./build_data/dataset/C34-Economy/C34-Economy0001.txt,./build_data/dataset-sim/C34-Economy-sim/synthesize/C34-Economy0001_synthesize3.txt,1,1
./build_data/dataset/C34-Economy/C34-Economy0002.txt,./build_data/dataset-sim/C34-Economy-sim/synthesize/C34-Economy0002_synthesize1.txt,1,1
./build_data/dataset/C34-Economy/C34-Economy0002.txt,./build_data/dataset-sim/C34-Economy-sim/synthesize/C34-Economy0002_synthesize2.txt,1,1
./build_data/dataset/C34-Economy/C34-Economy0002.txt,./build_data/dataset-sim/C34-Economy-sim/synthesize/C34-Economy0002_synthesize3.txt,1,1
./build_data/dataset/C34-Economy/C34-Economy0003.txt,./build_data/dataset-sim/C34-Economy-sim/synthesize/C34-Economy0003_synthesize1.txt,1,1
./build_data/dataset/C34-Economy/C34-Economy0003.txt,./build_data/dataset-sim/C34-Economy-sim/synthesize/C34-Economy0003_synthesize2.txt,1,1
./build_data/dataset/C34-Economy/C34-Economy0003.txt,./build_data/dataset-sim/C34-Economy-sim/synthesize/C34-Economy0003_synthesize3.txt,1,1
./build_data/dataset/C34-Economy/C34-Economy0004.txt,./build_data/dataset-sim/C34-Economy-sim/synthesize/C34-Economy0004_synthesize1.txt,1,1
./build_data/dataset/C34-Economy/C34-Economy0004.txt,./build_data/dataset-sim/C34-Economy-sim/synthesize/C34-Economy0004_synthesize2.txt,1,1
./build_data/dataset/C34-Economy/C34-Economy0004.txt,./build_data/dataset-sim/C34-Economy-sim/synthesize/C34-Economy0004_synthesize3.txt,1,1
./build_data/dataset/C34-Economy/C34-Economy0005.txt,./build_data/dataset-sim/C34-Economy-sim/synthesize/C34-Economy0005_synthesize1.txt,1,1
./build_data/dataset/C34-Economy/C34-Economy0005.txt,./build_data/dataset-sim/C34-Economy-sim/synthesize/C34-Economy0005_synthesize2.txt,1,1
./build_data/dataset/C34-Economy/C34-Economy0005.txt,./build_data/dataset-sim/C34-Economy-sim/synthesize/C34-Economy0005_synthesize3.txt,1,1
./build_data/dataset/C34-Economy/C34-Economy0006.txt,./build_data/dataset-sim/C34-Economy-sim/synthesize/C34-Economy0006_synthesize1.txt,1,1
./build_data/dataset/C34-Economy/C34-Economy0006.txt,./build_data/dataset-sim/C34-Economy-sim/synthesize/C34-Economy0006_synthesize2.txt,1,1
./build_data/dataset/C34-Economy/C34-Economy0006.txt,./build_data/dataset-sim/C34-Economy-sim/synthesize/C34-Economy0006_synthesize3.txt,1,1
./build_data/dataset/C34-Economy/C34-Economy0007.txt,./build_data/dataset-sim/C34-Economy-sim/synthesize/C34-Economy0007_synthesize1.txt,1,1
./build_data/dataset/C34-Economy/C34-Economy0007.txt,./build_data/dataset-sim/C34-Economy-sim/synthesize/C34-Economy0007_synthesize2.txt,1,1
./build_data/dataset/C34-Economy/C34-Economy0007.txt,./build_data/dataset-sim/C34-Economy-sim/synthesize/C34-Economy0007_synthesize3.txt,1,1
./build_data/dataset/C34-Economy/C34-Economy0008.txt,./build_data/dataset-sim/C34-Economy-sim/synthesize/C34-Economy0008_synthesize1.txt,1,1
./build_data/dataset/C34-Economy/C34-Economy0008.txt,./build_data/dataset-sim/C34-Economy-sim/synthesize/C34-Economy0008_synthesize2.txt,1,1
./build_data/dataset/C34-Economy/C34-Economy0008.txt,./build_data/dataset-sim/C34-Economy-sim/synthesize/C34-Economy0008_synthesize3.txt,1,1
./build_data/dataset/C34-Economy/C34-Economy0009.txt,./build_data/dataset-sim/C34-Economy-sim/synthesize/C34-Economy0009_synthesize1.txt,1,1
./build_data/dataset/C34-Economy/C34-Economy0009.txt,./build_data/dataset-sim/C34-Economy-sim/synthesize/C34-Economy0009_synthesize2.txt,1,1
./build_data/dataset/C34-Economy/C34-Economy0009.txt,./build_data/dataset-sim/C34-Economy-sim/synthesize/C34-Economy0009_synthesize3.txt,1,1
./build_data/dataset/C34-Economy/C34-Economy0010.txt,./build_data/dataset-sim/C34-Economy-sim/synthesize/C34-Economy0010_synthesize1.txt,1,1
./build_data/dataset/C34-Economy/C34-Economy0010.txt,./build_data/dataset-sim/C34-Economy-sim/synthesize/C34-Economy0010_synthesize2.txt,1,1
./build_data/dataset/C34-Economy/C34-Economy0010.txt,./build_data/dataset-sim/C34-Economy-sim/synthesize/C34-Economy0010_synthesize3.txt,1,1
./build_data/dataset/C34-Economy/C34-Economy0011.txt,./build_data/dataset-sim/C34-Economy-sim/synthesize/C34-Economy0011_synthesize1.txt,1,1
./build_data/dataset/C34-Economy/C34-Economy0011.txt,./build_data/dataset-sim/C34-Economy-sim/synthesize/C34-Economy0011_synthesize2.txt,1,1
./build_data/dataset/C34-Economy/C34-Economy0011.txt,./build_data/dataset-sim/C34-Economy-sim/synthesize/C34-Economy0011_synthesize3.txt,1,1
./build_data/dataset/C34-Economy/C34-Economy0012.txt,./build_data/dataset-sim/C34-Economy-sim/synthesize/C34-Economy0012_synthesize1.txt,1,1
./build_data/dataset/C34-Economy/C34-Economy0012.txt,./build_data/dataset-sim/C34-Economy-sim/synthesize/C34-Economy0012_synthesize2.txt,1,1
./build_data/dataset/C34-Economy/C34-Economy0012.txt,./build_data/dataset-sim/C34-Economy-sim/synthesize/C34-Economy0012_synthesize3.txt,1,1
./build_data/dataset/C34-Economy/C34-Economy0013.txt,./build_data/dataset-sim/C34-Economy-sim/synthesize/C34-Economy0013_synthesize1.txt,1,1
./build_data/dataset/C34-Economy/C34-Economy0013.txt,./build_data/dataset-sim/C34-Economy-sim/synthesize/C34-Economy0013_synthesize2.txt,1,1
./build_data/dataset/C34-Economy/C34-Economy0013.txt,./build_data/dataset-sim/C34-Economy-sim/synthesize/C34-Economy0013_synthesize3.txt,1,1
./build_data/dataset/C34-Economy/C34-Economy0014.txt,./build_data/dataset-sim/C34-Economy-sim/synthesize/C34-Economy0014_synthesize1.txt,1,1
./build_data/dataset/C34-Economy/C34-Economy0014.txt,./build_data/dataset-sim/C34-Economy-sim/synthesize/C34-Economy0014_synthesize2.txt,1,1
./build_data/dataset/C34-Economy/C34-Economy0014.txt,./build_data/dataset-sim/C34-Economy-sim/synthesize/C34-Economy0014_synthesize3.txt,1,1
./build_data/dataset/C34-Economy/C34-Economy0015.txt,./build_data/dataset-sim/C34-Economy-sim/synthesize/C34-Economy0015_synthesize1.txt,1,1
./build_data/dataset/C34-Economy/C34-Economy0015.txt,./build_data/dataset-sim/C34-Economy-sim/synthesize/C34-Economy0015_synthesize2.txt,1,0
./build_data/dataset/C34-Economy/C34-Economy0015.txt,./build_data/dataset-sim/C34-Economy-sim/synthesize/C34-Economy0015_synthesize3.txt,1,0
./build_data/dataset/C34-Economy/C34-Economy0016.txt,./build_data/dataset-sim/C34-Economy-sim/synthesize/C34-Economy0016_synthesize1.txt,1,1
./build_data/dataset/C34-Economy/C34-Economy0016.txt,./build_data/dataset-sim/C34-Economy-sim/synthesize/C34-Economy0016_synthesize2.txt,1,1
./build_data/dataset/C34-Economy/C34-Economy0016.txt,./build_data/dataset-sim/C34-Economy-sim/synthesize/C34-Economy0016_synthesize3.txt,1,1
./build_data/dataset/C34-Economy/C34-Economy0017.txt,./build_data/dataset-sim/C34-Economy-sim/synthesize/C34-Economy0017_synthesize1.txt,1,1
./build_data/dataset/C34-Economy/C34-Economy0017.txt,./build_data/dataset-sim/C34-Economy-sim/synthesize/C34-Economy0017_synthesize2.txt,1,1
./build_data/dataset/C34-Economy/C34-Economy0017.txt,./build_data/dataset-sim/C34-Economy-sim/synthesize/C34-Economy0017_synthesize3.txt,1,1
./build_data/dataset/C34-Economy/C34-Economy0018.txt,./build_data/dataset-sim/C34-Economy-sim/synthesize/C34-Economy0018_synthesize1.txt,1,1
./build_data/dataset/C34-Economy/C34-Economy0018.txt,./build_data/dataset-sim/C34-Economy-sim/synthesize/C34-Economy0018_synthesize2.txt,1,1
./build_data/dataset/C34-Economy/C34-Economy0018.txt,./build_data/dataset-sim/C34-Economy-sim/synthesize/C34-Economy0018_synthesize3.txt,1,1
./build_data/dataset/C34-Economy/C34-Economy0019.txt,./build_data/dataset-sim/C34-Economy-sim/synthesize/C34-Economy0019_synthesize1.txt,1,1
./build_data/dataset/C34-Economy/C34-Economy0019.txt,./build_data/dataset-sim/C34-Economy-sim/synthesize/C34-Economy0019_synthesize2.txt,1,1
./build_data/dataset/C34-Economy/C34-Economy0019.txt,./build_data/dataset-sim/C34-Economy-sim/synthesize/C34-Economy0019_synthesize3.txt,1,1
./build_data/dataset/C34-Economy/C34-Economy0020.txt,./build_data/dataset-sim/C34-Economy-sim/synthesize/C34-Economy0020_synthesize1.txt,1,1
./build_data/dataset/C34-Economy/C34-Economy0020.txt,./build_data/dataset-sim/C34-Economy-sim/synthesize/C34-Economy0020_synthesize2.txt,1,1
./build_data/dataset/C34-Economy/C34-Economy0020.txt,./build_data/dataset-sim/C34-Economy-sim/synthesize/C34-Economy0020_synthesize3.txt,1,1
./build_data/dataset/C34-Economy/C34-Economy0021.txt,./build_data/dataset-sim/C34-Economy-sim/synthesize/C34-Economy0021_synthesize1.txt,1,1
./build_data/dataset/C34-Economy/C34-Economy0021.txt,./build_data/dataset-sim/C34-Economy-sim/synthesize/C34-Economy0021_synthesize2.txt,1,1
./build_data/dataset/C34-Economy/C34-Economy0021.txt,./build_data/dataset-sim/C34-Economy-sim/synthesize/C34-Economy0021_synthesize3.txt,1,1
./build_data/dataset/C34-Economy/C34-Economy0022.txt,./build_data/dataset-sim/C34-Economy-sim/synthesize/C34-Economy0022_synthesize1.txt,1,1
./build_data/dataset/C34-Economy/C34-Economy0022.txt,./build_data/dataset-sim/C34-Economy-sim/synthesize/C34-Economy0022_synthesize2.txt,1,1
./build_data/dataset/C34-Economy/C34-Economy0022.txt,./build_data/dataset-sim/C34-Economy-sim/synthesize/C34-Economy0022_synthesize3.txt,1,1
./build_data/dataset/C34-Economy/C34-Economy0023.txt,./build_data/dataset-sim/C34-Economy-sim/synthesize/C34-Economy0023_synthesize1.txt,1,1
./build_data/dataset/C34-Economy/C34-Economy0023.txt,./build_data/dataset-sim/C34-Economy-sim/synthesize/C34-Economy0023_synthesize2.txt,1,0
./build_data/dataset/C34-Economy/C34-Economy0023.txt,./build_data/dataset-sim/C34-Economy-sim/synthesize/C34-Economy0023_synthesize3.txt,1,1
./build_data/dataset/C34-Economy/C34-Economy0024.txt,./build_data/dataset-sim/C34-Economy-sim/synthesize/C34-Economy0024_synthesize1.txt,1,1
./build_data/dataset/C34-Economy/C34-Economy0024.txt,./build_data/dataset-sim/C34-Economy-sim/synthesize/C34-Economy0024_synthesize2.txt,1,1
./build_data/dataset/C34-Economy/C34-Economy0024.txt,./build_data/dataset-sim/C34-Economy-sim/synthesize/C34-Economy0024_synthesize3.txt,1,1
./build_data/dataset/C34-Economy/C34-Economy0025.txt,./build_data/dataset-sim/C34-Economy-sim/synthesize/C34-Economy0025_synthesize1.txt,1,1
./build_data/dataset/C34-Economy/C34-Economy0025.txt,./build_data/dataset-sim/C34-Economy-sim/synthesize/C34-Economy0025_synthesize2.txt,1,1
./build_data/dataset/C34-Economy/C34-Economy0025.txt,./build_data/dataset-sim/C34-Economy-sim/synthesize/C34-Economy0025_synthesize3.txt,1,1
./build_data/dataset/C34-Economy/C34-Economy0026.txt,./build_data/dataset-sim/C34-Economy-sim/synthesize/C34-Economy0026_synthesize1.txt,1,1
./build_data/dataset/C34-Economy/C34-Economy0026.txt,./build_data/dataset-sim/C34-Economy-sim/synthesize/C34-Economy0026_synthesize2.txt,1,1
./build_data/dataset/C34-Economy/C34-Economy0026.txt,./build_data/dataset-sim/C34-Economy-sim/synthesize/C34-Economy0026_synthesize3.txt,1,1
./build_data/dataset/C34-Economy/C34-Economy0027.txt,./build_data/dataset-sim/C34-Economy-sim/synthesize/C34-Economy0027_synthesize1.txt,1,1
./build_data/dataset/C34-Economy/C34-Economy0027.txt,./build_data/dataset-sim/C34-Economy-sim/synthesize/C34-Economy0027_synthesize2.txt,1,1
./build_data/dataset/C34-Economy/C34-Economy0027.txt,./build_data/dataset-sim/C34-Economy-sim/synthesize/C34-Economy0027_synthesize3.txt,1,1
./build_data/dataset/C34-Economy/C34-Economy0028.txt,./build_data/dataset-sim/C34-Economy-sim/synthesize/C34-Economy0028_synthesize1.txt,1,1
./build_data/dataset/C34-Economy/C34-Economy0028.txt,./build_data/dataset-sim/C34-Economy-sim/synthesize/C34-Economy0028_synthesize2.txt,1,1
./build_data/dataset/C34-Economy/C34-Economy0028.txt,./build_data/dataset-sim/C34-Economy-sim/synthesize/C34-Economy0028_synthesize3.txt,1,1
./build_data/dataset/C34-Economy/C34-Economy0029.txt,./build_data/dataset-sim/C34-Economy-sim/synthesize/C34-Economy0029_synthesize1.txt,1,1
./build_data/dataset/C34-Economy/C34-Economy0029.txt,./build_data/dataset-sim/C34-Economy-sim/synthesize/C34-Economy0029_synthesize2.txt,1,1
./build_data/dataset/C34-Economy/C34-Economy0029.txt,./build_data/dataset-sim/C34-Economy-sim/synthesize/C34-Economy0029_synthesize3.txt,1,1
./build_data/dataset/C34-Economy/C34-Economy0030.txt,./build_data/dataset-sim/C34-Economy-sim/synthesize/C34-Economy0030_synthesize1.txt,1,1
./build_data/dataset/C34-Economy/C34-Economy0030.txt,./build_data/dataset-sim/C34-Economy-sim/synthesize/C34-Economy0030_synthesize2.txt,1,1
./build_data/dataset/C34-Economy/C34-Economy0030.txt,./build_data/dataset-sim/C34-Economy-sim/synthesize/C34-Economy0030_synthesize3.txt,1,1
./build_data/dataset/C34-Economy/C34-Economy0031.txt,./build_data/dataset-sim/C34-Economy-sim/synthesize/C34-Economy0031_synthesize1.txt,1,1
./build_data/dataset/C34-Economy/C34-Economy0031.txt,./build_data/dataset-sim/C34-Economy-sim/synthesize/C34-Economy0031_synthesize2.txt,1,0
./build_data/dataset/C34-Economy/C34-Economy0031.txt,./build_data/dataset-sim/C34-Economy-sim/synthesize/C34-Economy0031_synthesize3.txt,1,0
./build_data/dataset/C34-Economy/C34-Economy0032.txt,./build_data/dataset-sim/C34-Economy-sim/synthesize/C34-Economy0032_synthesize1.txt,1,1
./build_data/dataset/C34-Economy/C34-Economy0032.txt,./build_data/dataset-sim/C34-Economy-sim/synthesize/C34-Economy0032_synthesize2.txt,1,1
./build_data/dataset/C34-Economy/C34-Economy0032.txt,./build_data/dataset-sim/C34-Economy-sim/synthesize/C34-Economy0032_synthesize3.txt,1,1
./build_data/dataset/C34-Economy/C34-Economy0033.txt,./build_data/dataset-sim/C34-Economy-sim/synthesize/C34-Economy0033_synthesize1.txt,1,1
./build_data/dataset/C34-Economy/C34-Economy0033.txt,./build_data/dataset-sim/C34-Economy-sim/synthesize/C34-Economy0033_synthesize2.txt,1,1
./build_data/dataset/C34-Economy/C34-Economy0033.txt,./build_data/dataset-sim/C34-Economy-sim/synthesize/C34-Economy0033_synthesize3.txt,1,1
./build_data/dataset/C34-Economy/C34-Economy0034.txt,./build_data/dataset-sim/C34-Economy-sim/synthesize/C34-Economy0034_synthesize1.txt,1,1
./build_data/dataset/C34-Economy/C34-Economy0034.txt,./build_data/dataset-sim/C34-Economy-sim/synthesize/C34-Economy0034_synthesize2.txt,1,1
./build_data/dataset/C34-Economy/C34-Economy0034.txt,./build_data/dataset-sim/C34-Economy-sim/synthesize/C34-Economy0034_synthesize3.txt,1,1
./build_data/dataset/C34-Economy/C34-Economy0035.txt,./build_data/dataset-sim/C34-Economy-sim/synthesize/C34-Economy0035_synthesize1.txt,1,1
./build_data/dataset/C34-Economy/C34-Economy0035.txt,./build_data/dataset-sim/C34-Economy-sim/synthesize/C34-Economy0035_synthesize2.txt,1,1
./build_data/dataset/C34-Economy/C34-Economy0035.txt,./build_data/dataset-sim/C34-Economy-sim/synthesize/C34-Economy0035_synthesize3.txt,1,1
./build_data/dataset/C34-Economy/C34-Economy0036.txt,./build_data/dataset-sim/C34-Economy-sim/synthesize/C34-Economy0036_synthesize1.txt,1,1
./build_data/dataset/C34-Economy/C34-Economy0036.txt,./build_data/dataset-sim/C34-Economy-sim/synthesize/C34-Economy0036_synthesize2.txt,1,1
./build_data/dataset/C34-Economy/C34-Economy0036.txt,./build_data/dataset-sim/C34-Economy-sim/synthesize/C34-Economy0036_synthesize3.txt,1,1
./build_data/dataset/C34-Economy/C34-Economy0037.txt,./build_data/dataset-sim/C34-Economy-sim/synthesize/C34-Economy0037_synthesize1.txt,1,1
./build_data/dataset/C34-Economy/C34-Economy0037.txt,./build_data/dataset-sim/C34-Economy-sim/synthesize/C34-Economy0037_synthesize2.txt,1,1
./build_data/dataset/C34-Economy/C34-Economy0037.txt,./build_data/dataset-sim/C34-Economy-sim/synthesize/C34-Economy0037_synthesize3.txt,1,1
./build_data/dataset/C34-Economy/C34-Economy0038.txt,./build_data/dataset-sim/C34-Economy-sim/synthesize/C34-Economy0038_synthesize1.txt,1,1
./build_data/dataset/C34-Economy/C34-Economy0038.txt,./build_data/dataset-sim/C34-Economy-sim/synthesize/C34-Economy0038_synthesize2.txt,1,1
./build_data/dataset/C34-Economy/C34-Economy0038.txt,./build_data/dataset-sim/C34-Economy-sim/synthesize/C34-Economy0038_synthesize3.txt,1,1
./build_data/dataset/C34-Economy/C34-Economy0039.txt,./build_data/dataset-sim/C34-Economy-sim/synthesize/C34-Economy0039_synthesize1.txt,1,1
./build_data/dataset/C34-Economy/C34-Economy0039.txt,./build_data/dataset-sim/C34-Economy-sim/synthesize/C34-Economy0039_synthesize2.txt,1,1
./build_data/dataset/C34-Economy/C34-Economy0039.txt,./build_data/dataset-sim/C34-Economy-sim/synthesize/C34-Economy0039_synthesize3.txt,1,1
./build_data/dataset/C34-Economy/C34-Economy0040.txt,./build_data/dataset-sim/C34-Economy-sim/synthesize/C34-Economy0040_synthesize1.txt,1,1
./build_data/dataset/C34-Economy/C34-Economy0040.txt,./build_data/dataset-sim/C34-Economy-sim/synthesize/C34-Economy0040_synthesize2.txt,1,1
./build_data/dataset/C34-Economy/C34-Economy0040.txt,./build_data/dataset-sim/C34-Economy-sim/synthesize/C34-Economy0040_synthesize3.txt,1,1
./build_data/dataset/C34-Economy/C34-Economy0042.txt,./build_data/dataset-sim/C34-Economy-sim/synthesize/C34-Economy0042_synthesize1.txt,1,1
./build_data/dataset/C34-Economy/C34-Economy0042.txt,./build_data/dataset-sim/C34-Economy-sim/synthesize/C34-Economy0042_synthesize2.txt,1,1
./build_data/dataset/C34-Economy/C34-Economy0042.txt,./build_data/dataset-sim/C34-Economy-sim/synthesize/C34-Economy0042_synthesize3.txt,1,1
./build_data/dataset/C34-Economy/C34-Economy0044.txt,./build_data/dataset-sim/C34-Economy-sim/synthesize/C34-Economy0044_synthesize1.txt,1,1
./build_data/dataset/C34-Economy/C34-Economy0044.txt,./build_data/dataset-sim/C34-Economy-sim/synthesize/C34-Economy0044_synthesize2.txt,1,1
./build_data/dataset/C34-Economy/C34-Economy0044.txt,./build_data/dataset-sim/C34-Economy-sim/synthesize/C34-Economy0044_synthesize3.txt,1,1
./build_data/dataset/C34-Economy/C34-Economy0046.txt,./build_data/dataset-sim/C34-Economy-sim/synthesize/C34-Economy0046_synthesize1.txt,1,1
./build_data/dataset/C34-Economy/C34-Economy0046.txt,./build_data/dataset-sim/C34-Economy-sim/synthesize/C34-Economy0046_synthesize2.txt,1,1
./build_data/dataset/C34-Economy/C34-Economy0046.txt,./build_data/dataset-sim/C34-Economy-sim/synthesize/C34-Economy0046_synthesize3.txt,1,1
./build_data/dataset/C34-Economy/C34-Economy0047.txt,./build_data/dataset-sim/C34-Economy-sim/synthesize/C34-Economy0047_synthesize1.txt,1,1
./build_data/dataset/C34-Economy/C34-Economy0047.txt,./build_data/dataset-sim/C34-Economy-sim/synthesize/C34-Economy0047_synthesize2.txt,1,1
./build_data/dataset/C34-Economy/C34-Economy0047.txt,./build_data/dataset-sim/C34-Economy-sim/synthesize/C34-Economy0047_synthesize3.txt,1,1
./build_data/dataset/C34-Economy/C34-Economy0048.txt,./build_data/dataset-sim/C34-Economy-sim/synthesize/C34-Economy0048_synthesize1.txt,1,1
./build_data/dataset/C34-Economy/C34-Economy0048.txt,./build_data/dataset-sim/C34-Economy-sim/synthesize/C34-Economy0048_synthesize2.txt,1,1
./build_data/dataset/C34-Economy/C34-Economy0048.txt,./build_data/dataset-sim/C34-Economy-sim/synthesize/C34-Economy0048_synthesize3.txt,1,1
./build_data/dataset/C34-Economy/C34-Economy0050.txt,./build_data/dataset-sim/C34-Economy-sim/synthesize/C34-Economy0050_synthesize1.txt,1,1
./build_data/dataset/C34-Economy/C34-Economy0050.txt,./build_data/dataset-sim/C34-Economy-sim/synthesize/C34-Economy0050_synthesize2.txt,1,1
./build_data/dataset/C34-Economy/C34-Economy0050.txt,./build_data/dataset-sim/C34-Economy-sim/synthesize/C34-Economy0050_synthesize3.txt,1,1
./build_data/dataset/C34-Economy/C34-Economy0052.txt,./build_data/dataset-sim/C34-Economy-sim/synthesize/C34-Economy0052_synthesize1.txt,1,1
./build_data/dataset/C34-Economy/C34-Economy0052.txt,./build_data/dataset-sim/C34-Economy-sim/synthesize/C34-Economy0052_synthesize2.txt,1,1
./build_data/dataset/C34-Economy/C34-Economy0052.txt,./build_data/dataset-sim/C34-Economy-sim/synthesize/C34-Economy0052_synthesize3.txt,1,1
./build_data/dataset/C34-Economy/C34-Economy0054.txt,./build_data/dataset-sim/C34-Economy-sim/synthesize/C34-Economy0054_synthesize1.txt,1,1
./build_data/dataset/C34-Economy/C34-Economy0054.txt,./build_data/dataset-sim/C34-Economy-sim/synthesize/C34-Economy0054_synthesize2.txt,1,1
./build_data/dataset/C34-Economy/C34-Economy0054.txt,./build_data/dataset-sim/C34-Economy-sim/synthesize/C34-Economy0054_synthesize3.txt,1,1
./build_data/dataset/C34-Economy/C34-Economy0001.txt,./build_data/dataset-sim/C34-Economy-sim/replace/C34-Economy0001_replace1.txt,1,1
./build_data/dataset/C34-Economy/C34-Economy0001.txt,./build_data/dataset-sim/C34-Economy-sim/replace/C34-Economy0001_replace2.txt,1,1
./build_data/dataset/C34-Economy/C34-Economy0001.txt,./build_data/dataset-sim/C34-Economy-sim/replace/C34-Economy0001_replace3.txt,1,1
./build_data/dataset/C34-Economy/C34-Economy0002.txt,./build_data/dataset-sim/C34-Economy-sim/replace/C34-Economy0002_replace1.txt,1,1
./build_data/dataset/C34-Economy/C34-Economy0002.txt,./build_data/dataset-sim/C34-Economy-sim/replace/C34-Economy0002_replace2.txt,1,1
./build_data/dataset/C34-Economy/C34-Economy0002.txt,./build_data/dataset-sim/C34-Economy-sim/replace/C34-Economy0002_replace3.txt,1,1
./build_data/dataset/C34-Economy/C34-Economy0003.txt,./build_data/dataset-sim/C34-Economy-sim/replace/C34-Economy0003_replace1.txt,1,1
./build_data/dataset/C34-Economy/C34-Economy0003.txt,./build_data/dataset-sim/C34-Economy-sim/replace/C34-Economy0003_replace2.txt,1,1
./build_data/dataset/C34-Economy/C34-Economy0003.txt,./build_data/dataset-sim/C34-Economy-sim/replace/C34-Economy0003_replace3.txt,1,1
./build_data/dataset/C34-Economy/C34-Economy0004.txt,./build_data/dataset-sim/C34-Economy-sim/replace/C34-Economy0004_replace1.txt,1,1
./build_data/dataset/C34-Economy/C34-Economy0004.txt,./build_data/dataset-sim/C34-Economy-sim/replace/C34-Economy0004_replace2.txt,1,1
./build_data/dataset/C34-Economy/C34-Economy0004.txt,./build_data/dataset-sim/C34-Economy-sim/replace/C34-Economy0004_replace3.txt,1,1
./build_data/dataset/C34-Economy/C34-Economy0005.txt,./build_data/dataset-sim/C34-Economy-sim/replace/C34-Economy0005_replace1.txt,1,1
./build_data/dataset/C34-Economy/C34-Economy0005.txt,./build_data/dataset-sim/C34-Economy-sim/replace/C34-Economy0005_replace2.txt,1,1
./build_data/dataset/C34-Economy/C34-Economy0005.txt,./build_data/dataset-sim/C34-Economy-sim/replace/C34-Economy0005_replace3.txt,1,1
./build_data/dataset/C34-Economy/C34-Economy0006.txt,./build_data/dataset-sim/C34-Economy-sim/replace/C34-Economy0006_replace1.txt,1,1
./build_data/dataset/C34-Economy/C34-Economy0006.txt,./build_data/dataset-sim/C34-Economy-sim/replace/C34-Economy0006_replace2.txt,1,1
./build_data/dataset/C34-Economy/C34-Economy0006.txt,./build_data/dataset-sim/C34-Economy-sim/replace/C34-Economy0006_replace3.txt,1,1
./build_data/dataset/C34-Economy/C34-Economy0007.txt,./build_data/dataset-sim/C34-Economy-sim/replace/C34-Economy0007_replace1.txt,1,1
./build_data/dataset/C34-Economy/C34-Economy0007.txt,./build_data/dataset-sim/C34-Economy-sim/replace/C34-Economy0007_replace2.txt,1,1
./build_data/dataset/C34-Economy/C34-Economy0007.txt,./build_data/dataset-sim/C34-Economy-sim/replace/C34-Economy0007_replace3.txt,1,1
./build_data/dataset/C34-Economy/C34-Economy0008.txt,./build_data/dataset-sim/C34-Economy-sim/replace/C34-Economy0008_replace1.txt,1,1
./build_data/dataset/C34-Economy/C34-Economy0008.txt,./build_data/dataset-sim/C34-Economy-sim/replace/C34-Economy0008_replace2.txt,1,1
./build_data/dataset/C34-Economy/C34-Economy0008.txt,./build_data/dataset-sim/C34-Economy-sim/replace/C34-Economy0008_replace3.txt,1,1
./build_data/dataset/C34-Economy/C34-Economy0009.txt,./build_data/dataset-sim/C34-Economy-sim/replace/C34-Economy0009_replace1.txt,1,1
./build_data/dataset/C34-Economy/C34-Economy0009.txt,./build_data/dataset-sim/C34-Economy-sim/replace/C34-Economy0009_replace2.txt,1,1
./build_data/dataset/C34-Economy/C34-Economy0009.txt,./build_data/dataset-sim/C34-Economy-sim/replace/C34-Economy0009_replace3.txt,1,1
./build_data/dataset/C34-Economy/C34-Economy0010.txt,./build_data/dataset-sim/C34-Economy-sim/replace/C34-Economy0010_replace1.txt,1,1
./build_data/dataset/C34-Economy/C34-Economy0010.txt,./build_data/dataset-sim/C34-Economy-sim/replace/C34-Economy0010_replace2.txt,1,1
./build_data/dataset/C34-Economy/C34-Economy0010.txt,./build_data/dataset-sim/C34-Economy-sim/replace/C34-Economy0010_replace3.txt,1,1
./build_data/dataset/C34-Economy/C34-Economy0011.txt,./build_data/dataset-sim/C34-Economy-sim/replace/C34-Economy0011_replace1.txt,1,1
./build_data/dataset/C34-Economy/C34-Economy0011.txt,./build_data/dataset-sim/C34-Economy-sim/replace/C34-Economy0011_replace2.txt,1,1
./build_data/dataset/C34-Economy/C34-Economy0011.txt,./build_data/dataset-sim/C34-Economy-sim/replace/C34-Economy0011_replace3.txt,1,1
./build_data/dataset/C34-Economy/C34-Economy0012.txt,./build_data/dataset-sim/C34-Economy-sim/replace/C34-Economy0012_replace1.txt,1,1
./build_data/dataset/C34-Economy/C34-Economy0012.txt,./build_data/dataset-sim/C34-Economy-sim/replace/C34-Economy0012_replace2.txt,1,1
./build_data/dataset/C34-Economy/C34-Economy0012.txt,./build_data/dataset-sim/C34-Economy-sim/replace/C34-Economy0012_replace3.txt,1,1
./build_data/dataset/C34-Economy/C34-Economy0013.txt,./build_data/dataset-sim/C34-Economy-sim/replace/C34-Economy0013_replace1.txt,1,1
./build_data/dataset/C34-Economy/C34-Economy0013.txt,./build_data/dataset-sim/C34-Economy-sim/replace/C34-Economy0013_replace2.txt,1,1
./build_data/dataset/C34-Economy/C34-Economy0013.txt,./build_data/dataset-sim/C34-Economy-sim/replace/C34-Economy0013_replace3.txt,1,1
./build_data/dataset/C34-Economy/C34-Economy0014.txt,./build_data/dataset-sim/C34-Economy-sim/replace/C34-Economy0014_replace1.txt,1,1
./build_data/dataset/C34-Economy/C34-Economy0014.txt,./build_data/dataset-sim/C34-Economy-sim/replace/C34-Economy0014_replace2.txt,1,1
./build_data/dataset/C34-Economy/C34-Economy0014.txt,./build_data/dataset-sim/C34-Economy-sim/replace/C34-Economy0014_replace3.txt,1,1
./build_data/dataset/C34-Economy/C34-Economy0015.txt,./build_data/dataset-sim/C34-Economy-sim/replace/C34-Economy0015_replace1.txt,1,1
./build_data/dataset/C34-Economy/C34-Economy0015.txt,./build_data/dataset-sim/C34-Economy-sim/replace/C34-Economy0015_replace2.txt,1,1
./build_data/dataset/C34-Economy/C34-Economy0015.txt,./build_data/dataset-sim/C34-Economy-sim/replace/C34-Economy0015_replace3.txt,1,0
./build_data/dataset/C34-Economy/C34-Economy0016.txt,./build_data/dataset-sim/C34-Economy-sim/replace/C34-Economy0016_replace1.txt,1,1
./build_data/dataset/C34-Economy/C34-Economy0016.txt,./build_data/dataset-sim/C34-Economy-sim/replace/C34-Economy0016_replace2.txt,1,1
./build_data/dataset/C34-Economy/C34-Economy0016.txt,./build_data/dataset-sim/C34-Economy-sim/replace/C34-Economy0016_replace3.txt,1,1
./build_data/dataset/C34-Economy/C34-Economy0017.txt,./build_data/dataset-sim/C34-Economy-sim/replace/C34-Economy0017_replace1.txt,1,1
./build_data/dataset/C34-Economy/C34-Economy0017.txt,./build_data/dataset-sim/C34-Economy-sim/replace/C34-Economy0017_replace2.txt,1,1
./build_data/dataset/C34-Economy/C34-Economy0017.txt,./build_data/dataset-sim/C34-Economy-sim/replace/C34-Economy0017_replace3.txt,1,1
./build_data/dataset/C34-Economy/C34-Economy0018.txt,./build_data/dataset-sim/C34-Economy-sim/replace/C34-Economy0018_replace1.txt,1,1
./build_data/dataset/C34-Economy/C34-Economy0018.txt,./build_data/dataset-sim/C34-Economy-sim/replace/C34-Economy0018_replace2.txt,1,1
./build_data/dataset/C34-Economy/C34-Economy0018.txt,./build_data/dataset-sim/C34-Economy-sim/replace/C34-Economy0018_replace3.txt,1,1
./build_data/dataset/C34-Economy/C34-Economy0019.txt,./build_data/dataset-sim/C34-Economy-sim/replace/C34-Economy0019_replace1.txt,1,1
./build_data/dataset/C34-Economy/C34-Economy0019.txt,./build_data/dataset-sim/C34-Economy-sim/replace/C34-Economy0019_replace2.txt,1,1
./build_data/dataset/C34-Economy/C34-Economy0019.txt,./build_data/dataset-sim/C34-Economy-sim/replace/C34-Economy0019_replace3.txt,1,1
./build_data/dataset/C34-Economy/C34-Economy0020.txt,./build_data/dataset-sim/C34-Economy-sim/replace/C34-Economy0020_replace1.txt,1,1
./build_data/dataset/C34-Economy/C34-Economy0020.txt,./build_data/dataset-sim/C34-Economy-sim/replace/C34-Economy0020_replace2.txt,1,1
./build_data/dataset/C34-Economy/C34-Economy0020.txt,./build_data/dataset-sim/C34-Economy-sim/replace/C34-Economy0020_replace3.txt,1,1
./build_data/dataset/C34-Economy/C34-Economy0021.txt,./build_data/dataset-sim/C34-Economy-sim/replace/C34-Economy0021_replace1.txt,1,1
./build_data/dataset/C34-Economy/C34-Economy0021.txt,./build_data/dataset-sim/C34-Economy-sim/replace/C34-Economy0021_replace2.txt,1,1
./build_data/dataset/C34-Economy/C34-Economy0021.txt,./build_data/dataset-sim/C34-Economy-sim/replace/C34-Economy0021_replace3.txt,1,1
./build_data/dataset/C34-Economy/C34-Economy0022.txt,./build_data/dataset-sim/C34-Economy-sim/replace/C34-Economy0022_replace1.txt,1,1
./build_data/dataset/C34-Economy/C34-Economy0022.txt,./build_data/dataset-sim/C34-Economy-sim/replace/C34-Economy0022_replace2.txt,1,1
./build_data/dataset/C34-Economy/C34-Economy0022.txt,./build_data/dataset-sim/C34-Economy-sim/replace/C34-Economy0022_replace3.txt,1,1
./build_data/dataset/C34-Economy/C34-Economy0023.txt,./build_data/dataset-sim/C34-Economy-sim/replace/C34-Economy0023_replace1.txt,1,1
./build_data/dataset/C34-Economy/C34-Economy0023.txt,./build_data/dataset-sim/C34-Economy-sim/replace/C34-Economy0023_replace2.txt,1,1
./build_data/dataset/C34-Economy/C34-Economy0023.txt,./build_data/dataset-sim/C34-Economy-sim/replace/C34-Economy0023_replace3.txt,1,1
./build_data/dataset/C34-Economy/C34-Economy0024.txt,./build_data/dataset-sim/C34-Economy-sim/replace/C34-Economy0024_replace1.txt,1,1
./build_data/dataset/C34-Economy/C34-Economy0024.txt,./build_data/dataset-sim/C34-Economy-sim/replace/C34-Economy0024_replace2.txt,1,1
./build_data/dataset/C34-Economy/C34-Economy0024.txt,./build_data/dataset-sim/C34-Economy-sim/replace/C34-Economy0024_replace3.txt,1,1
./build_data/dataset/C34-Economy/C34-Economy0025.txt,./build_data/dataset-sim/C34-Economy-sim/replace/C34-Economy0025_replace1.txt,1,1
./build_data/dataset/C34-Economy/C34-Economy0025.txt,./build_data/dataset-sim/C34-Economy-sim/replace/C34-Economy0025_replace2.txt,1,1
./build_data/dataset/C34-Economy/C34-Economy0025.txt,./build_data/dataset-sim/C34-Economy-sim/replace/C34-Economy0025_replace3.txt,1,1
./build_data/dataset/C34-Economy/C34-Economy0026.txt,./build_data/dataset-sim/C34-Economy-sim/replace/C34-Economy0026_replace1.txt,1,1
./build_data/dataset/C34-Economy/C34-Economy0026.txt,./build_data/dataset-sim/C34-Economy-sim/replace/C34-Economy0026_replace2.txt,1,1
./build_data/dataset/C34-Economy/C34-Economy0026.txt,./build_data/dataset-sim/C34-Economy-sim/replace/C34-Economy0026_replace3.txt,1,1
./build_data/dataset/C34-Economy/C34-Economy0027.txt,./build_data/dataset-sim/C34-Economy-sim/replace/C34-Economy0027_replace1.txt,1,1
./build_data/dataset/C34-Economy/C34-Economy0027.txt,./build_data/dataset-sim/C34-Economy-sim/replace/C34-Economy0027_replace2.txt,1,1
./build_data/dataset/C34-Economy/C34-Economy0027.txt,./build_data/dataset-sim/C34-Economy-sim/replace/C34-Economy0027_replace3.txt,1,1
./build_data/dataset/C34-Economy/C34-Economy0028.txt,./build_data/dataset-sim/C34-Economy-sim/replace/C34-Economy0028_replace1.txt,1,1
./build_data/dataset/C34-Economy/C34-Economy0028.txt,./build_data/dataset-sim/C34-Economy-sim/replace/C34-Economy0028_replace2.txt,1,1
./build_data/dataset/C34-Economy/C34-Economy0028.txt,./build_data/dataset-sim/C34-Economy-sim/replace/C34-Economy0028_replace3.txt,1,1
./build_data/dataset/C34-Economy/C34-Economy0029.txt,./build_data/dataset-sim/C34-Economy-sim/replace/C34-Economy0029_replace1.txt,1,1
./build_data/dataset/C34-Economy/C34-Economy0029.txt,./build_data/dataset-sim/C34-Economy-sim/replace/C34-Economy0029_replace2.txt,1,1
./build_data/dataset/C34-Economy/C34-Economy0029.txt,./build_data/dataset-sim/C34-Economy-sim/replace/C34-Economy0029_replace3.txt,1,1
./build_data/dataset/C34-Economy/C34-Economy0030.txt,./build_data/dataset-sim/C34-Economy-sim/replace/C34-Economy0030_replace1.txt,1,1
./build_data/dataset/C34-Economy/C34-Economy0030.txt,./build_data/dataset-sim/C34-Economy-sim/replace/C34-Economy0030_replace2.txt,1,1
./build_data/dataset/C34-Economy/C34-Economy0030.txt,./build_data/dataset-sim/C34-Economy-sim/replace/C34-Economy0030_replace3.txt,1,1
./build_data/dataset/C34-Economy/C34-Economy0031.txt,./build_data/dataset-sim/C34-Economy-sim/replace/C34-Economy0031_replace1.txt,1,1
./build_data/dataset/C34-Economy/C34-Economy0031.txt,./build_data/dataset-sim/C34-Economy-sim/replace/C34-Economy0031_replace2.txt,1,1
./build_data/dataset/C34-Economy/C34-Economy0031.txt,./build_data/dataset-sim/C34-Economy-sim/replace/C34-Economy0031_replace3.txt,1,1
./build_data/dataset/C34-Economy/C34-Economy0032.txt,./build_data/dataset-sim/C34-Economy-sim/replace/C34-Economy0032_replace1.txt,1,1
./build_data/dataset/C34-Economy/C34-Economy0032.txt,./build_data/dataset-sim/C34-Economy-sim/replace/C34-Economy0032_replace2.txt,1,1
./build_data/dataset/C34-Economy/C34-Economy0032.txt,./build_data/dataset-sim/C34-Economy-sim/replace/C34-Economy0032_replace3.txt,1,1
./build_data/dataset/C34-Economy/C34-Economy0033.txt,./build_data/dataset-sim/C34-Economy-sim/replace/C34-Economy0033_replace1.txt,1,1
./build_data/dataset/C34-Economy/C34-Economy0033.txt,./build_data/dataset-sim/C34-Economy-sim/replace/C34-Economy0033_replace2.txt,1,1
./build_data/dataset/C34-Economy/C34-Economy0033.txt,./build_data/dataset-sim/C34-Economy-sim/replace/C34-Economy0033_replace3.txt,1,1
./build_data/dataset/C34-Economy/C34-Economy0034.txt,./build_data/dataset-sim/C34-Economy-sim/replace/C34-Economy0034_replace1.txt,1,1
./build_data/dataset/C34-Economy/C34-Economy0034.txt,./build_data/dataset-sim/C34-Economy-sim/replace/C34-Economy0034_replace2.txt,1,1
./build_data/dataset/C34-Economy/C34-Economy0034.txt,./build_data/dataset-sim/C34-Economy-sim/replace/C34-Economy0034_replace3.txt,1,1
./build_data/dataset/C34-Economy/C34-Economy0035.txt,./build_data/dataset-sim/C34-Economy-sim/replace/C34-Economy0035_replace1.txt,1,1
./build_data/dataset/C34-Economy/C34-Economy0035.txt,./build_data/dataset-sim/C34-Economy-sim/replace/C34-Economy0035_replace2.txt,1,1
./build_data/dataset/C34-Economy/C34-Economy0035.txt,./build_data/dataset-sim/C34-Economy-sim/replace/C34-Economy0035_replace3.txt,1,1
./build_data/dataset/C34-Economy/C34-Economy0036.txt,./build_data/dataset-sim/C34-Economy-sim/replace/C34-Economy0036_replace1.txt,1,1
./build_data/dataset/C34-Economy/C34-Economy0036.txt,./build_data/dataset-sim/C34-Economy-sim/replace/C34-Economy0036_replace2.txt,1,1
./build_data/dataset/C34-Economy/C34-Economy0036.txt,./build_data/dataset-sim/C34-Economy-sim/replace/C34-Economy0036_replace3.txt,1,1
./build_data/dataset/C34-Economy/C34-Economy0037.txt,./build_data/dataset-sim/C34-Economy-sim/replace/C34-Economy0037_replace1.txt,1,1
./build_data/dataset/C34-Economy/C34-Economy0037.txt,./build_data/dataset-sim/C34-Economy-sim/replace/C34-Economy0037_replace2.txt,1,1
./build_data/dataset/C34-Economy/C34-Economy0037.txt,./build_data/dataset-sim/C34-Economy-sim/replace/C34-Economy0037_replace3.txt,1,1
./build_data/dataset/C34-Economy/C34-Economy0038.txt,./build_data/dataset-sim/C34-Economy-sim/replace/C34-Economy0038_replace1.txt,1,1
./build_data/dataset/C34-Economy/C34-Economy0038.txt,./build_data/dataset-sim/C34-Economy-sim/replace/C34-Economy0038_replace2.txt,1,1
./build_data/dataset/C34-Economy/C34-Economy0038.txt,./build_data/dataset-sim/C34-Economy-sim/replace/C34-Economy0038_replace3.txt,1,1
./build_data/dataset/C34-Economy/C34-Economy0039.txt,./build_data/dataset-sim/C34-Economy-sim/replace/C34-Economy0039_replace1.txt,1,1
./build_data/dataset/C34-Economy/C34-Economy0039.txt,./build_data/dataset-sim/C34-Economy-sim/replace/C34-Economy0039_replace2.txt,1,1
./build_data/dataset/C34-Economy/C34-Economy0039.txt,./build_data/dataset-sim/C34-Economy-sim/replace/C34-Economy0039_replace3.txt,1,1
./build_data/dataset/C34-Economy/C34-Economy0040.txt,./build_data/dataset-sim/C34-Economy-sim/replace/C34-Economy0040_replace1.txt,1,1
./build_data/dataset/C34-Economy/C34-Economy0040.txt,./build_data/dataset-sim/C34-Economy-sim/replace/C34-Economy0040_replace2.txt,1,1
./build_data/dataset/C34-Economy/C34-Economy0040.txt,./build_data/dataset-sim/C34-Economy-sim/replace/C34-Economy0040_replace3.txt,1,1
./build_data/dataset/C34-Economy/C34-Economy0042.txt,./build_data/dataset-sim/C34-Economy-sim/replace/C34-Economy0042_replace1.txt,1,1
./build_data/dataset/C34-Economy/C34-Economy0042.txt,./build_data/dataset-sim/C34-Economy-sim/replace/C34-Economy0042_replace2.txt,1,1
./build_data/dataset/C34-Economy/C34-Economy0042.txt,./build_data/dataset-sim/C34-Economy-sim/replace/C34-Economy0042_replace3.txt,1,1
./build_data/dataset/C34-Economy/C34-Economy0044.txt,./build_data/dataset-sim/C34-Economy-sim/replace/C34-Economy0044_replace1.txt,1,1
./build_data/dataset/C34-Economy/C34-Economy0044.txt,./build_data/dataset-sim/C34-Economy-sim/replace/C34-Economy0044_replace2.txt,1,1
./build_data/dataset/C34-Economy/C34-Economy0044.txt,./build_data/dataset-sim/C34-Economy-sim/replace/C34-Economy0044_replace3.txt,1,1
./build_data/dataset/C34-Economy/C34-Economy0046.txt,./build_data/dataset-sim/C34-Economy-sim/replace/C34-Economy0046_replace1.txt,1,1
./build_data/dataset/C34-Economy/C34-Economy0046.txt,./build_data/dataset-sim/C34-Economy-sim/replace/C34-Economy0046_replace2.txt,1,1
./build_data/dataset/C34-Economy/C34-Economy0046.txt,./build_data/dataset-sim/C34-Economy-sim/replace/C34-Economy0046_replace3.txt,1,1
./build_data/dataset/C34-Economy/C34-Economy0047.txt,./build_data/dataset-sim/C34-Economy-sim/replace/C34-Economy0047_replace1.txt,1,1
./build_data/dataset/C34-Economy/C34-Economy0047.txt,./build_data/dataset-sim/C34-Economy-sim/replace/C34-Economy0047_replace2.txt,1,1
./build_data/dataset/C34-Economy/C34-Economy0047.txt,./build_data/dataset-sim/C34-Economy-sim/replace/C34-Economy0047_replace3.txt,1,1
./build_data/dataset/C34-Economy/C34-Economy0048.txt,./build_data/dataset-sim/C34-Economy-sim/replace/C34-Economy0048_replace1.txt,1,1
./build_data/dataset/C34-Economy/C34-Economy0048.txt,./build_data/dataset-sim/C34-Economy-sim/replace/C34-Economy0048_replace2.txt,1,1
./build_data/dataset/C34-Economy/C34-Economy0048.txt,./build_data/dataset-sim/C34-Economy-sim/replace/C34-Economy0048_replace3.txt,1,1
./build_data/dataset/C34-Economy/C34-Economy0050.txt,./build_data/dataset-sim/C34-Economy-sim/replace/C34-Economy0050_replace1.txt,1,1
./build_data/dataset/C34-Economy/C34-Economy0050.txt,./build_data/dataset-sim/C34-Economy-sim/replace/C34-Economy0050_replace2.txt,1,1
./build_data/dataset/C34-Economy/C34-Economy0050.txt,./build_data/dataset-sim/C34-Economy-sim/replace/C34-Economy0050_replace3.txt,1,1
./build_data/dataset/C34-Economy/C34-Economy0052.txt,./build_data/dataset-sim/C34-Economy-sim/replace/C34-Economy0052_replace1.txt,1,1
./build_data/dataset/C34-Economy/C34-Economy0052.txt,./build_data/dataset-sim/C34-Economy-sim/replace/C34-Economy0052_replace2.txt,1,1
./build_data/dataset/C34-Economy/C34-Economy0052.txt,./build_data/dataset-sim/C34-Economy-sim/replace/C34-Economy0052_replace3.txt,1,1
./build_data/dataset/C34-Economy/C34-Economy0054.txt,./build_data/dataset-sim/C34-Economy-sim/replace/C34-Economy0054_replace1.txt,1,1
./build_data/dataset/C34-Economy/C34-Economy0054.txt,./build_data/dataset-sim/C34-Economy-sim/replace/C34-Economy0054_replace2.txt,1,1
./build_data/dataset/C34-Economy/C34-Economy0054.txt,./build_data/dataset-sim/C34-Economy-sim/replace/C34-Economy0054_replace3.txt,1,1
./build_data/dataset/C34-Economy/C34-Economy0001.txt,./build_data/dataset-dissim/C34-Economy/C34-Economy0002_dissim1.txt,0,0
./build_data/dataset/C34-Economy/C34-Economy0001.txt,./build_data/dataset-dissim/C34-Economy/C34-Economy0003_dissim2.txt,0,0
./build_data/dataset/C34-Economy/C34-Economy0002.txt,./build_data/dataset-dissim/C34-Economy/C34-Economy0003_dissim1.txt,0,0
./build_data/dataset/C34-Economy/C34-Economy0002.txt,./build_data/dataset-dissim/C34-Economy/C34-Economy0004_dissim2.txt,0,0
./build_data/dataset/C34-Economy/C34-Economy0003.txt,./build_data/dataset-dissim/C34-Economy/C34-Economy0004_dissim1.txt,0,0
./build_data/dataset/C34-Economy/C34-Economy0003.txt,./build_data/dataset-dissim/C34-Economy/C34-Economy0005_dissim2.txt,0,0
./build_data/dataset/C34-Economy/C34-Economy0004.txt,./build_data/dataset-dissim/C34-Economy/C34-Economy0005_dissim1.txt,0,0
./build_data/dataset/C34-Economy/C34-Economy0004.txt,./build_data/dataset-dissim/C34-Economy/C34-Economy0006_dissim2.txt,0,0
./build_data/dataset/C34-Economy/C34-Economy0005.txt,./build_data/dataset-dissim/C34-Economy/C34-Economy0006_dissim1.txt,0,0
./build_data/dataset/C34-Economy/C34-Economy0005.txt,./build_data/dataset-dissim/C34-Economy/C34-Economy0007_dissim2.txt,0,0
./build_data/dataset/C34-Economy/C34-Economy0006.txt,./build_data/dataset-dissim/C34-Economy/C34-Economy0007_dissim1.txt,0,0
./build_data/dataset/C34-Economy/C34-Economy0006.txt,./build_data/dataset-dissim/C34-Economy/C34-Economy0008_dissim2.txt,0,0
./build_data/dataset/C34-Economy/C34-Economy0007.txt,./build_data/dataset-dissim/C34-Economy/C34-Economy0008_dissim1.txt,0,0
./build_data/dataset/C34-Economy/C34-Economy0007.txt,./build_data/dataset-dissim/C34-Economy/C34-Economy0009_dissim2.txt,0,0
./build_data/dataset/C34-Economy/C34-Economy0008.txt,./build_data/dataset-dissim/C34-Economy/C34-Economy0009_dissim1.txt,0,0
./build_data/dataset/C34-Economy/C34-Economy0008.txt,./build_data/dataset-dissim/C34-Economy/C34-Economy0010_dissim2.txt,0,1
./build_data/dataset/C34-Economy/C34-Economy0009.txt,./build_data/dataset-dissim/C34-Economy/C34-Economy0010_dissim1.txt,0,0
./build_data/dataset/C34-Economy/C34-Economy0009.txt,./build_data/dataset-dissim/C34-Economy/C34-Economy0011_dissim2.txt,0,0
./build_data/dataset/C34-Economy/C34-Economy0010.txt,./build_data/dataset-dissim/C34-Economy/C34-Economy0011_dissim1.txt,0,0
./build_data/dataset/C34-Economy/C34-Economy0010.txt,./build_data/dataset-dissim/C34-Economy/C34-Economy0012_dissim2.txt,0,0
./build_data/dataset/C34-Economy/C34-Economy0011.txt,./build_data/dataset-dissim/C34-Economy/C34-Economy0012_dissim1.txt,0,0
./build_data/dataset/C34-Economy/C34-Economy0011.txt,./build_data/dataset-dissim/C34-Economy/C34-Economy0013_dissim2.txt,0,0
./build_data/dataset/C34-Economy/C34-Economy0012.txt,./build_data/dataset-dissim/C34-Economy/C34-Economy0013_dissim1.txt,0,0
./build_data/dataset/C34-Economy/C34-Economy0012.txt,./build_data/dataset-dissim/C34-Economy/C34-Economy0014_dissim2.txt,0,0
./build_data/dataset/C34-Economy/C34-Economy0013.txt,./build_data/dataset-dissim/C34-Economy/C34-Economy0014_dissim1.txt,0,0
./build_data/dataset/C34-Economy/C34-Economy0013.txt,./build_data/dataset-dissim/C34-Economy/C34-Economy0015_dissim2.txt,0,0
./build_data/dataset/C34-Economy/C34-Economy0014.txt,./build_data/dataset-dissim/C34-Economy/C34-Economy0015_dissim1.txt,0,0
./build_data/dataset/C34-Economy/C34-Economy0014.txt,./build_data/dataset-dissim/C34-Economy/C34-Economy0016_dissim2.txt,0,0
./build_data/dataset/C34-Economy/C34-Economy0015.txt,./build_data/dataset-dissim/C34-Economy/C34-Economy0016_dissim1.txt,0,0
./build_data/dataset/C34-Economy/C34-Economy0015.txt,./build_data/dataset-dissim/C34-Economy/C34-Economy0017_dissim2.txt,0,0
./build_data/dataset/C34-Economy/C34-Economy0016.txt,./build_data/dataset-dissim/C34-Economy/C34-Economy0017_dissim1.txt,0,0
./build_data/dataset/C34-Economy/C34-Economy0016.txt,./build_data/dataset-dissim/C34-Economy/C34-Economy0018_dissim2.txt,0,0
./build_data/dataset/C34-Economy/C34-Economy0017.txt,./build_data/dataset-dissim/C34-Economy/C34-Economy0018_dissim1.txt,0,0
./build_data/dataset/C34-Economy/C34-Economy0017.txt,./build_data/dataset-dissim/C34-Economy/C34-Economy0019_dissim2.txt,0,0
./build_data/dataset/C34-Economy/C34-Economy0018.txt,./build_data/dataset-dissim/C34-Economy/C34-Economy0019_dissim1.txt,0,0
./build_data/dataset/C34-Economy/C34-Economy0018.txt,./build_data/dataset-dissim/C34-Economy/C34-Economy0020_dissim2.txt,0,0
./build_data/dataset/C34-Economy/C34-Economy0019.txt,./build_data/dataset-dissim/C34-Economy/C34-Economy0020_dissim1.txt,0,0
./build_data/dataset/C34-Economy/C34-Economy0019.txt,./build_data/dataset-dissim/C34-Economy/C34-Economy0021_dissim2.txt,0,0
./build_data/dataset/C34-Economy/C34-Economy0020.txt,./build_data/dataset-dissim/C34-Economy/C34-Economy0021_dissim1.txt,0,0
./build_data/dataset/C34-Economy/C34-Economy0020.txt,./build_data/dataset-dissim/C34-Economy/C34-Economy0022_dissim2.txt,0,0
./build_data/dataset/C34-Economy/C34-Economy0021.txt,./build_data/dataset-dissim/C34-Economy/C34-Economy0022_dissim1.txt,0,0
./build_data/dataset/C34-Economy/C34-Economy0021.txt,./build_data/dataset-dissim/C34-Economy/C34-Economy0023_dissim2.txt,0,0
./build_data/dataset/C34-Economy/C34-Economy0022.txt,./build_data/dataset-dissim/C34-Economy/C34-Economy0023_dissim1.txt,0,0
./build_data/dataset/C34-Economy/C34-Economy0022.txt,./build_data/dataset-dissim/C34-Economy/C34-Economy0024_dissim2.txt,0,0
./build_data/dataset/C34-Economy/C34-Economy0023.txt,./build_data/dataset-dissim/C34-Economy/C34-Economy0024_dissim1.txt,0,0
./build_data/dataset/C34-Economy/C34-Economy0023.txt,./build_data/dataset-dissim/C34-Economy/C34-Economy0025_dissim2.txt,0,0
./build_data/dataset/C34-Economy/C34-Economy0024.txt,./build_data/dataset-dissim/C34-Economy/C34-Economy0025_dissim1.txt,0,0
./build_data/dataset/C34-Economy/C34-Economy0024.txt,./build_data/dataset-dissim/C34-Economy/C34-Economy0026_dissim2.txt,0,0
./build_data/dataset/C34-Economy/C34-Economy0025.txt,./build_data/dataset-dissim/C34-Economy/C34-Economy0026_dissim1.txt,0,0
./build_data/dataset/C34-Economy/C34-Economy0025.txt,./build_data/dataset-dissim/C34-Economy/C34-Economy0027_dissim2.txt,0,0
./build_data/dataset/C34-Economy/C34-Economy0026.txt,./build_data/dataset-dissim/C34-Economy/C34-Economy0027_dissim1.txt,0,0
./build_data/dataset/C34-Economy/C34-Economy0026.txt,./build_data/dataset-dissim/C34-Economy/C34-Economy0028_dissim2.txt,0,0
./build_data/dataset/C34-Economy/C34-Economy0027.txt,./build_data/dataset-dissim/C34-Economy/C34-Economy0028_dissim1.txt,0,0
./build_data/dataset/C34-Economy/C34-Economy0027.txt,./build_data/dataset-dissim/C34-Economy/C34-Economy0029_dissim2.txt,0,1
./build_data/dataset/C34-Economy/C34-Economy0028.txt,./build_data/dataset-dissim/C34-Economy/C34-Economy0029_dissim1.txt,0,0
./build_data/dataset/C34-Economy/C34-Economy0028.txt,./build_data/dataset-dissim/C34-Economy/C34-Economy0030_dissim2.txt,0,0
./build_data/dataset/C34-Economy/C34-Economy0029.txt,./build_data/dataset-dissim/C34-Economy/C34-Economy0030_dissim1.txt,0,0
./build_data/dataset/C34-Economy/C34-Economy0029.txt,./build_data/dataset-dissim/C34-Economy/C34-Economy0031_dissim2.txt,0,0
./build_data/dataset/C34-Economy/C34-Economy0030.txt,./build_data/dataset-dissim/C34-Economy/C34-Economy0031_dissim1.txt,0,0
./build_data/dataset/C34-Economy/C34-Economy0030.txt,./build_data/dataset-dissim/C34-Economy/C34-Economy0032_dissim2.txt,0,0
./build_data/dataset/C34-Economy/C34-Economy0031.txt,./build_data/dataset-dissim/C34-Economy/C34-Economy0032_dissim1.txt,0,0
./build_data/dataset/C34-Economy/C34-Economy0031.txt,./build_data/dataset-dissim/C34-Economy/C34-Economy0033_dissim2.txt,0,0
./build_data/dataset/C34-Economy/C34-Economy0032.txt,./build_data/dataset-dissim/C34-Economy/C34-Economy0033_dissim1.txt,0,0
./build_data/dataset/C34-Economy/C34-Economy0032.txt,./build_data/dataset-dissim/C34-Economy/C34-Economy0034_dissim2.txt,0,0
./build_data/dataset/C34-Economy/C34-Economy0033.txt,./build_data/dataset-dissim/C34-Economy/C34-Economy0034_dissim1.txt,0,0
./build_data/dataset/C34-Economy/C34-Economy0033.txt,./build_data/dataset-dissim/C34-Economy/C34-Economy0035_dissim2.txt,0,0
./build_data/dataset/C34-Economy/C34-Economy0034.txt,./build_data/dataset-dissim/C34-Economy/C34-Economy0035_dissim1.txt,0,0
./build_data/dataset/C34-Economy/C34-Economy0034.txt,./build_data/dataset-dissim/C34-Economy/C34-Economy0036_dissim2.txt,0,0
./build_data/dataset/C34-Economy/C34-Economy0035.txt,./build_data/dataset-dissim/C34-Economy/C34-Economy0036_dissim1.txt,0,0
./build_data/dataset/C34-Economy/C34-Economy0035.txt,./build_data/dataset-dissim/C34-Economy/C34-Economy0037_dissim2.txt,0,0
./build_data/dataset/C34-Economy/C34-Economy0036.txt,./build_data/dataset-dissim/C34-Economy/C34-Economy0037_dissim1.txt,0,0
./build_data/dataset/C34-Economy/C34-Economy0036.txt,./build_data/dataset-dissim/C34-Economy/C34-Economy0038_dissim2.txt,0,0
./build_data/dataset/C34-Economy/C34-Economy0037.txt,./build_data/dataset-dissim/C34-Economy/C34-Economy0038_dissim1.txt,0,0
./build_data/dataset/C34-Economy/C34-Economy0037.txt,./build_data/dataset-dissim/C34-Economy/C34-Economy0039_dissim2.txt,0,0
./build_data/dataset/C34-Economy/C34-Economy0038.txt,./build_data/dataset-dissim/C34-Economy/C34-Economy0039_dissim1.txt,0,0
./build_data/dataset/C34-Economy/C34-Economy0038.txt,./build_data/dataset-dissim/C34-Economy/C34-Economy0040_dissim2.txt,0,0
./build_data/dataset/C34-Economy/C34-Economy0039.txt,./build_data/dataset-dissim/C34-Economy/C34-Economy0040_dissim1.txt,0,0
./build_data/dataset/C34-Economy/C34-Economy0039.txt,./build_data/dataset-dissim/C34-Economy/C34-Economy0042_dissim2.txt,0,0
./build_data/dataset/C34-Economy/C34-Economy0040.txt,./build_data/dataset-dissim/C34-Economy/C34-Economy0042_dissim1.txt,0,0
./build_data/dataset/C34-Economy/C34-Economy0040.txt,./build_data/dataset-dissim/C34-Economy/C34-Economy0044_dissim2.txt,0,0
./build_data/dataset/C34-Economy/C34-Economy0042.txt,./build_data/dataset-dissim/C34-Economy/C34-Economy0044_dissim1.txt,0,0
./build_data/dataset/C34-Economy/C34-Economy0042.txt,./build_data/dataset-dissim/C34-Economy/C34-Economy0046_dissim2.txt,0,0
./build_data/dataset/C34-Economy/C34-Economy0044.txt,./build_data/dataset-dissim/C34-Economy/C34-Economy0046_dissim1.txt,0,0
./build_data/dataset/C34-Economy/C34-Economy0044.txt,./build_data/dataset-dissim/C34-Economy/C34-Economy0047_dissim2.txt,0,0
./build_data/dataset/C34-Economy/C34-Economy0046.txt,./build_data/dataset-dissim/C34-Economy/C34-Economy0047_dissim1.txt,0,0
./build_data/dataset/C34-Economy/C34-Economy0046.txt,./build_data/dataset-dissim/C34-Economy/C34-Economy0048_dissim2.txt,0,0
./build_data/dataset/C34-Economy/C34-Economy0047.txt,./build_data/dataset-dissim/C34-Economy/C34-Economy0048_dissim1.txt,0,0
./build_data/dataset/C34-Economy/C34-Economy0047.txt,./build_data/dataset-dissim/C34-Economy/C34-Economy0050_dissim2.txt,0,0
./build_data/dataset/C34-Economy/C34-Economy0048.txt,./build_data/dataset-dissim/C34-Economy/C34-Economy0050_dissim1.txt,0,0
./build_data/dataset/C34-Economy/C34-Economy0048.txt,./build_data/dataset-dissim/C34-Economy/C34-Economy0052_dissim2.txt,0,0
./build_data/dataset/C34-Economy/C34-Economy0050.txt,./build_data/dataset-dissim/C34-Economy/C34-Economy0052_dissim1.txt,0,0
./build_data/dataset/C34-Economy/C34-Economy0050.txt,./build_data/dataset-dissim/C34-Economy/C34-Economy0054_dissim2.txt,0,0
./build_data/dataset/C34-Economy/C34-Economy0052.txt,./build_data/dataset-dissim/C34-Economy/C34-Economy0054_dissim1.txt,0,0
./build_data/dataset/C34-Economy/C34-Economy0052.txt,./build_data/dataset-dissim/C34-Economy/C34-Economy0056_dissim2.txt,0,0
./build_data/dataset/C34-Economy/C34-Economy0054.txt,./build_data/dataset-dissim/C34-Economy/C34-Economy0056_dissim1.txt,0,0
./build_data/dataset/C34-Economy/C34-Economy0054.txt,./build_data/dataset-dissim/C34-Economy/C34-Economy0058_dissim2.txt,0,0
./build_data/dataset/C34-Economy/C34-Economy0056.txt,./build_data/dataset-dissim/C34-Economy/C34-Economy0058_dissim1.txt,0,1
./build_data/dataset/C34-Economy/C34-Economy0056.txt,./build_data/dataset-dissim/C34-Economy/C34-Economy0060_dissim2.txt,0,0
./build_data/dataset/C34-Economy/C34-Economy0058.txt,./build_data/dataset-dissim/C34-Economy/C34-Economy0060_dissim1.txt,0,0
./build_data/dataset/C34-Economy/C34-Economy0058.txt,./build_data/dataset-dissim/C34-Economy/C34-Economy0062_dissim2.txt,0,0
./build_data/dataset/C34-Economy/C34-Economy0060.txt,./build_data/dataset-dissim/C34-Economy/C34-Economy0062_dissim1.txt,0,0
./build_data/dataset/C34-Economy/C34-Economy0060.txt,./build_data/dataset-dissim/C34-Economy/C34-Economy0064_dissim2.txt,0,0
./build_data/dataset/C34-Economy/C34-Economy0062.txt,./build_data/dataset-dissim/C34-Economy/C34-Economy0064_dissim1.txt,0,0
./build_data/dataset/C34-Economy/C34-Economy0062.txt,./build_data/dataset-dissim/C34-Economy/C34-Economy0065_dissim2.txt,0,0
./build_data/dataset/C34-Economy/C34-Economy0064.txt,./build_data/dataset-dissim/C34-Economy/C34-Economy0065_dissim1.txt,0,0
./build_data/dataset/C34-Economy/C34-Economy0064.txt,./build_data/dataset-dissim/C34-Economy/C34-Economy0066_dissim2.txt,0,0
./build_data/dataset/C34-Economy/C34-Economy0065.txt,./build_data/dataset-dissim/C34-Economy/C34-Economy0066_dissim1.txt,0,0
./build_data/dataset/C34-Economy/C34-Economy0065.txt,./build_data/dataset-dissim/C34-Economy/C34-Economy0068_dissim2.txt,0,0
./build_data/dataset/C34-Economy/C34-Economy0066.txt,./build_data/dataset-dissim/C34-Economy/C34-Economy0068_dissim1.txt,0,0
./build_data/dataset/C34-Economy/C34-Economy0066.txt,./build_data/dataset-dissim/C34-Economy/C34-Economy0070_dissim2.txt,0,0
./build_data/dataset/C34-Economy/C34-Economy0068.txt,./build_data/dataset-dissim/C34-Economy/C34-Economy0070_dissim1.txt,0,0
./build_data/dataset/C34-Economy/C34-Economy0068.txt,./build_data/dataset-dissim/C34-Economy/C34-Economy0071_dissim2.txt,0,0
./build_data/dataset/C34-Economy/C34-Economy0070.txt,./build_data/dataset-dissim/C34-Economy/C34-Economy0071_dissim1.txt,0,0
./build_data/dataset/C34-Economy/C34-Economy0070.txt,./build_data/dataset-dissim/C34-Economy/C34-Economy0072_dissim2.txt,0,0
./build_data/dataset/C34-Economy/C34-Economy0071.txt,./build_data/dataset-dissim/C34-Economy/C34-Economy0072_dissim1.txt,0,0
./build_data/dataset/C34-Economy/C34-Economy0071.txt,./build_data/dataset-dissim/C34-Economy/C34-Economy0073_dissim2.txt,0,0
./build_data/dataset/C34-Economy/C34-Economy0072.txt,./build_data/dataset-dissim/C34-Economy/C34-Economy0073_dissim1.txt,0,0
./build_data/dataset/C34-Economy/C34-Economy0072.txt,./build_data/dataset-dissim/C34-Economy/C34-Economy0074_dissim2.txt,0,0
./build_data/dataset/C34-Economy/C34-Economy0073.txt,./build_data/dataset-dissim/C34-Economy/C34-Economy0074_dissim1.txt,0,0
./build_data/dataset/C34-Economy/C34-Economy0073.txt,./build_data/dataset-dissim/C34-Economy/C34-Economy0075_dissim2.txt,0,0
./build_data/dataset/C34-Economy/C34-Economy0074.txt,./build_data/dataset-dissim/C34-Economy/C34-Economy0075_dissim1.txt,0,0
./build_data/dataset/C34-Economy/C34-Economy0074.txt,./build_data/dataset-dissim/C34-Economy/C34-Economy0077_dissim2.txt,0,0
./build_data/dataset/C34-Economy/C34-Economy0075.txt,./build_data/dataset-dissim/C34-Economy/C34-Economy0077_dissim1.txt,0,0
./build_data/dataset/C34-Economy/C34-Economy0075.txt,./build_data/dataset-dissim/C34-Economy/C34-Economy0078_dissim2.txt,0,0
./build_data/dataset/C34-Economy/C34-Economy0077.txt,./build_data/dataset-dissim/C34-Economy/C34-Economy0078_dissim1.txt,0,0
./build_data/dataset/C34-Economy/C34-Economy0077.txt,./build_data/dataset-dissim/C34-Economy/C34-Economy0079_dissim2.txt,0,0
./build_data/dataset/C34-Economy/C34-Economy0078.txt,./build_data/dataset-dissim/C34-Economy/C34-Economy0079_dissim1.txt,0,0
./build_data/dataset/C34-Economy/C34-Economy0078.txt,./build_data/dataset-dissim/C34-Economy/C34-Economy0080_dissim2.txt,0,0
./build_data/dataset/C34-Economy/C34-Economy0079.txt,./build_data/dataset-dissim/C34-Economy/C34-Economy0080_dissim1.txt,0,0
./build_data/dataset/C34-Economy/C34-Economy0079.txt,./build_data/dataset-dissim/C34-Economy/C34-Economy0081_dissim2.txt,0,0
./build_data/dataset/C34-Economy/C34-Economy0080.txt,./build_data/dataset-dissim/C34-Economy/C34-Economy0081_dissim1.txt,0,0
./build_data/dataset/C34-Economy/C34-Economy0080.txt,./build_data/dataset-dissim/C34-Economy/C34-Economy0082_dissim2.txt,0,0
./build_data/dataset/C34-Economy/C34-Economy0081.txt,./build_data/dataset-dissim/C34-Economy/C34-Economy0082_dissim1.txt,0,0
./build_data/dataset/C34-Economy/C34-Economy0081.txt,./build_data/dataset-dissim/C34-Economy/C34-Economy0083_dissim2.txt,0,0
./build_data/dataset/C34-Economy/C34-Economy0082.txt,./build_data/dataset-dissim/C34-Economy/C34-Economy0083_dissim1.txt,0,0
./build_data/dataset/C34-Economy/C34-Economy0082.txt,./build_data/dataset-dissim/C34-Economy/C34-Economy0084_dissim2.txt,0,0
./build_data/dataset/C34-Economy/C34-Economy0083.txt,./build_data/dataset-dissim/C34-Economy/C34-Economy0084_dissim1.txt,0,0
./build_data/dataset/C34-Economy/C34-Economy0083.txt,./build_data/dataset-dissim/C34-Economy/C34-Economy0085_dissim2.txt,0,0
./build_data/dataset/C34-Economy/C34-Economy0084.txt,./build_data/dataset-dissim/C34-Economy/C34-Economy0085_dissim1.txt,0,0
./build_data/dataset/C34-Economy/C34-Economy0084.txt,./build_data/dataset-dissim/C34-Economy/C34-Economy0086_dissim2.txt,0,0
./build_data/dataset/C34-Economy/C34-Economy0085.txt,./build_data/dataset-dissim/C34-Economy/C34-Economy0086_dissim1.txt,0,0
./build_data/dataset/C34-Economy/C34-Economy0085.txt,./build_data/dataset-dissim/C34-Economy/C34-Economy0087_dissim2.txt,0,0
./build_data/dataset/C34-Economy/C34-Economy0086.txt,./build_data/dataset-dissim/C34-Economy/C34-Economy0087_dissim1.txt,0,0
./build_data/dataset/C34-Economy/C34-Economy0086.txt,./build_data/dataset-dissim/C34-Economy/C34-Economy0088_dissim2.txt,0,0
./build_data/dataset/C34-Economy/C34-Economy0087.txt,./build_data/dataset-dissim/C34-Economy/C34-Economy0088_dissim1.txt,0,0
./build_data/dataset/C34-Economy/C34-Economy0087.txt,./build_data/dataset-dissim/C34-Economy/C34-Economy0089_dissim2.txt,0,0
./build_data/dataset/C34-Economy/C34-Economy0088.txt,./build_data/dataset-dissim/C34-Economy/C34-Economy0089_dissim1.txt,0,0
./build_data/dataset/C34-Economy/C34-Economy0088.txt,./build_data/dataset-dissim/C34-Economy/C34-Economy0090_dissim2.txt,0,0
./build_data/dataset/C34-Economy/C34-Economy0089.txt,./build_data/dataset-dissim/C34-Economy/C34-Economy0090_dissim1.txt,0,0
./build_data/dataset/C34-Economy/C34-Economy0089.txt,./build_data/dataset-dissim/C34-Economy/C34-Economy0091_dissim2.txt,0,0
./build_data/dataset/C34-Economy/C34-Economy0090.txt,./build_data/dataset-dissim/C34-Economy/C34-Economy0091_dissim1.txt,0,0
./build_data/dataset/C34-Economy/C34-Economy0090.txt,./build_data/dataset-dissim/C34-Economy/C34-Economy0092_dissim2.txt,0,0
./build_data/dataset/C34-Economy/C34-Economy0091.txt,./build_data/dataset-dissim/C34-Economy/C34-Economy0092_dissim1.txt,0,1
./build_data/dataset/C34-Economy/C34-Economy0091.txt,./build_data/dataset-dissim/C34-Economy/C34-Economy0093_dissim2.txt,0,0
./build_data/dataset/C34-Economy/C34-Economy0092.txt,./build_data/dataset-dissim/C34-Economy/C34-Economy0093_dissim1.txt,0,0
./build_data/dataset/C34-Economy/C34-Economy0092.txt,./build_data/dataset-dissim/C34-Economy/C34-Economy0094_dissim2.txt,0,1
./build_data/dataset/C34-Economy/C34-Economy0093.txt,./build_data/dataset-dissim/C34-Economy/C34-Economy0094_dissim1.txt,0,1
./build_data/dataset/C34-Economy/C34-Economy0093.txt,./build_data/dataset-dissim/C34-Economy/C34-Economy0095_dissim2.txt,0,0
./build_data/dataset/C34-Economy/C34-Economy0094.txt,./build_data/dataset-dissim/C34-Economy/C34-Economy0095_dissim1.txt,0,0
./build_data/dataset/C34-Economy/C34-Economy0094.txt,./build_data/dataset-dissim/C34-Economy/C34-Economy0096_dissim2.txt,0,0
./build_data/dataset/C34-Economy/C34-Economy0095.txt,./build_data/dataset-dissim/C34-Economy/C34-Economy0096_dissim1.txt,0,0
./build_data/dataset/C34-Economy/C34-Economy0095.txt,./build_data/dataset-dissim/C34-Economy/C34-Economy0098_dissim2.txt,0,0
./build_data/dataset/C34-Economy/C34-Economy0096.txt,./build_data/dataset-dissim/C34-Economy/C34-Economy0098_dissim1.txt,0,0
./build_data/dataset/C34-Economy/C34-Economy0096.txt,./build_data/dataset-dissim/C34-Economy/C34-Economy0099_dissim2.txt,0,0
./build_data/dataset/C34-Economy/C34-Economy0098.txt,./build_data/dataset-dissim/C34-Economy/C34-Economy0099_dissim1.txt,0,1
./build_data/dataset/C34-Economy/C34-Economy0098.txt,./build_data/dataset-dissim/C34-Economy/C34-Economy0100_dissim2.txt,0,0
./build_data/dataset/C34-Economy/C34-Economy0099.txt,./build_data/dataset-dissim/C34-Economy/C34-Economy0100_dissim1.txt,0,0
./build_data/dataset/C34-Economy/C34-Economy0099.txt,./build_data/dataset-dissim/C34-Economy/C34-Economy0101_dissim2.txt,0,0
./build_data/dataset/C34-Economy/C34-Economy0100.txt,./build_data/dataset-dissim/C34-Economy/C34-Economy0101_dissim1.txt,0,0
./build_data/dataset/C34-Economy/C34-Economy0100.txt,./build_data/dataset-dissim/C34-Economy/C34-Economy0102_dissim2.txt,0,0
./build_data/dataset/C34-Economy/C34-Economy0101.txt,./build_data/dataset-dissim/C34-Economy/C34-Economy0102_dissim1.txt,0,0
./build_data/dataset/C34-Economy/C34-Economy0101.txt,./build_data/dataset-dissim/C34-Economy/C34-Economy0103_dissim2.txt,0,0
./build_data/dataset/C34-Economy/C34-Economy0102.txt,./build_data/dataset-dissim/C34-Economy/C34-Economy0103_dissim1.txt,0,0
./build_data/dataset/C34-Economy/C34-Economy0102.txt,./build_data/dataset-dissim/C34-Economy/C34-Economy0104_dissim2.txt,0,0
./build_data/dataset/C34-Economy/C34-Economy0103.txt,./build_data/dataset-dissim/C34-Economy/C34-Economy0104_dissim1.txt,0,0
./build_data/dataset/C34-Economy/C34-Economy0103.txt,./build_data/dataset-dissim/C34-Economy/C34-Economy0105_dissim2.txt,0,0
./build_data/dataset/C34-Economy/C34-Economy0104.txt,./build_data/dataset-dissim/C34-Economy/C34-Economy0105_dissim1.txt,0,0
./build_data/dataset/C34-Economy/C34-Economy0104.txt,./build_data/dataset-dissim/C34-Economy/C34-Economy0106_dissim2.txt,0,0
./build_data/dataset/C34-Economy/C34-Economy0105.txt,./build_data/dataset-dissim/C34-Economy/C34-Economy0106_dissim1.txt,0,0
./build_data/dataset/C34-Economy/C34-Economy0105.txt,./build_data/dataset-dissim/C34-Economy/C34-Economy0107_dissim2.txt,0,0
./build_data/dataset/C34-Economy/C34-Economy0106.txt,./build_data/dataset-dissim/C34-Economy/C34-Economy0107_dissim1.txt,0,0
./build_data/dataset/C34-Economy/C34-Economy0106.txt,./build_data/dataset-dissim/C34-Economy/C34-Economy0108_dissim2.txt,0,0
./build_data/dataset/C34-Economy/C34-Economy0107.txt,./build_data/dataset-dissim/C34-Economy/C34-Economy0108_dissim1.txt,0,0
./build_data/dataset/C34-Economy/C34-Economy0107.txt,./build_data/dataset-dissim/C34-Economy/C34-Economy0109_dissim2.txt,0,0
./build_data/dataset/C34-Economy/C34-Economy0108.txt,./build_data/dataset-dissim/C34-Economy/C34-Economy0109_dissim1.txt,0,0
./build_data/dataset/C34-Economy/C34-Economy0108.txt,./build_data/dataset-dissim/C34-Economy/C34-Economy0110_dissim2.txt,0,0
./build_data/dataset/C34-Economy/C34-Economy0109.txt,./build_data/dataset-dissim/C34-Economy/C34-Economy0110_dissim1.txt,0,1
./build_data/dataset/C34-Economy/C34-Economy0109.txt,./build_data/dataset-dissim/C34-Economy/C34-Economy0111_dissim2.txt,0,0
./build_data/dataset/C34-Economy/C34-Economy0110.txt,./build_data/dataset-dissim/C34-Economy/C34-Economy0111_dissim1.txt,0,0
./build_data/dataset/C34-Economy/C34-Economy0110.txt,./build_data/dataset-dissim/C34-Economy/C34-Economy0112_dissim2.txt,0,0
./build_data/dataset/C34-Economy/C34-Economy0111.txt,./build_data/dataset-dissim/C34-Economy/C34-Economy0112_dissim1.txt,0,0
./build_data/dataset/C34-Economy/C34-Economy0111.txt,./build_data/dataset-dissim/C34-Economy/C34-Economy0113_dissim2.txt,0,1
./build_data/dataset/C34-Economy/C34-Economy0112.txt,./build_data/dataset-dissim/C34-Economy/C34-Economy0113_dissim1.txt,0,1
./build_data/dataset/C34-Economy/C34-Economy0112.txt,./build_data/dataset-dissim/C34-Economy/C34-Economy0114_dissim2.txt,0,0
./build_data/dataset/C34-Economy/C34-Economy0113.txt,./build_data/dataset-dissim/C34-Economy/C34-Economy0114_dissim1.txt,0,0
./build_data/dataset/C34-Economy/C34-Economy0113.txt,./build_data/dataset-dissim/C34-Economy/C34-Economy0115_dissim2.txt,0,0
./build_data/dataset/C34-Economy/C34-Economy0114.txt,./build_data/dataset-dissim/C34-Economy/C34-Economy0115_dissim1.txt,0,0
./build_data/dataset/C34-Economy/C34-Economy0114.txt,./build_data/dataset-dissim/C34-Economy/C34-Economy0116_dissim2.txt,0,0
./build_data/dataset/C34-Economy/C34-Economy0115.txt,./build_data/dataset-dissim/C34-Economy/C34-Economy0116_dissim1.txt,0,0
./build_data/dataset/C34-Economy/C34-Economy0115.txt,./build_data/dataset-dissim/C34-Economy/C34-Economy0117_dissim2.txt,0,0
./build_data/dataset/C34-Economy/C34-Economy0116.txt,./build_data/dataset-dissim/C34-Economy/C34-Economy0117_dissim1.txt,0,0
./build_data/dataset/C34-Economy/C34-Economy0116.txt,./build_data/dataset-dissim/C34-Economy/C34-Economy0118_dissim2.txt,0,0
./build_data/dataset/C34-Economy/C34-Economy0117.txt,./build_data/dataset-dissim/C34-Economy/C34-Economy0118_dissim1.txt,0,0
./build_data/dataset/C34-Economy/C34-Economy0117.txt,./build_data/dataset-dissim/C34-Economy/C34-Economy0119_dissim2.txt,0,0
./build_data/dataset/C34-Economy/C34-Economy0118.txt,./build_data/dataset-dissim/C34-Economy/C34-Economy0119_dissim1.txt,0,1
./build_data/dataset/C34-Economy/C34-Economy0118.txt,./build_data/dataset-dissim/C34-Economy/C34-Economy0120_dissim2.txt,0,0
./build_data/dataset/C34-Economy/C34-Economy0119.txt,./build_data/dataset-dissim/C34-Economy/C34-Economy0120_dissim1.txt,0,0
./build_data/dataset/C34-Economy/C34-Economy0119.txt,./build_data/dataset-dissim/C34-Economy/C34-Economy0121_dissim2.txt,0,1
./build_data/dataset/C34-Economy/C34-Economy0120.txt,./build_data/dataset-dissim/C34-Economy/C34-Economy0121_dissim1.txt,0,0
./build_data/dataset/C34-Economy/C34-Economy0120.txt,./build_data/dataset-dissim/C34-Economy/C34-Economy0122_dissim2.txt,0,0
./build_data/dataset/C34-Economy/C34-Economy0121.txt,./build_data/dataset-dissim/C34-Economy/C34-Economy0122_dissim1.txt,0,0
./build_data/dataset/C34-Economy/C34-Economy0121.txt,./build_data/dataset-dissim/C34-Economy/C34-Economy0123_dissim2.txt,0,0
./build_data/dataset/C34-Economy/C34-Economy0122.txt,./build_data/dataset-dissim/C34-Economy/C34-Economy0123_dissim1.txt,0,0
./build_data/dataset/C34-Economy/C34-Economy0122.txt,./build_data/dataset-dissim/C34-Economy/C34-Economy0124_dissim2.txt,0,0
./build_data/dataset/C34-Economy/C34-Economy0123.txt,./build_data/dataset-dissim/C34-Economy/C34-Economy0124_dissim1.txt,0,0
./build_data/dataset/C34-Economy/C34-Economy0123.txt,./build_data/dataset-dissim/C34-Economy/C34-Economy0125_dissim2.txt,0,0
./build_data/dataset/C34-Economy/C34-Economy0124.txt,./build_data/dataset-dissim/C34-Economy/C34-Economy0125_dissim1.txt,0,1
./build_data/dataset/C34-Economy/C34-Economy0124.txt,./build_data/dataset-dissim/C34-Economy/C34-Economy0126_dissim2.txt,0,0
./build_data/dataset/C34-Economy/C34-Economy0125.txt,./build_data/dataset-dissim/C34-Economy/C34-Economy0126_dissim1.txt,0,1
./build_data/dataset/C34-Economy/C34-Economy0125.txt,./build_data/dataset-dissim/C34-Economy/C34-Economy0127_dissim2.txt,0,0
./build_data/dataset/C34-Economy/C34-Economy0126.txt,./build_data/dataset-dissim/C34-Economy/C34-Economy0127_dissim1.txt,0,0
./build_data/dataset/C34-Economy/C34-Economy0126.txt,./build_data/dataset-dissim/C34-Economy/C34-Economy0128_dissim2.txt,0,0
./build_data/dataset/C34-Economy/C34-Economy0127.txt,./build_data/dataset-dissim/C34-Economy/C34-Economy0128_dissim1.txt,0,0
./build_data/dataset/C34-Economy/C34-Economy0127.txt,./build_data/dataset-dissim/C34-Economy/C34-Economy0129_dissim2.txt,0,0
./build_data/dataset/C34-Economy/C34-Economy0128.txt,./build_data/dataset-dissim/C34-Economy/C34-Economy0129_dissim1.txt,0,0
./build_data/dataset/C34-Economy/C34-Economy0128.txt,./build_data/dataset-dissim/C34-Economy/C34-Economy0130_dissim2.txt,0,1
./build_data/dataset/C34-Economy/C34-Economy0129.txt,./build_data/dataset-dissim/C34-Economy/C34-Economy0130_dissim1.txt,0,0
./build_data/dataset/C34-Economy/C34-Economy0129.txt,./build_data/dataset-dissim/C34-Economy/C34-Economy0131_dissim2.txt,0,0
./build_data/dataset/C34-Economy/C34-Economy0130.txt,./build_data/dataset-dissim/C34-Economy/C34-Economy0131_dissim1.txt,0,0
./build_data/dataset/C34-Economy/C34-Economy0130.txt,./build_data/dataset-dissim/C34-Economy/C34-Economy0132_dissim2.txt,0,0
./build_data/dataset/C34-Economy/C34-Economy0131.txt,./build_data/dataset-dissim/C34-Economy/C34-Economy0132_dissim1.txt,0,0
./build_data/dataset/C34-Economy/C34-Economy0131.txt,./build_data/dataset-dissim/C34-Economy/C34-Economy0133_dissim2.txt,0,0
./build_data/dataset/C34-Economy/C34-Economy0132.txt,./build_data/dataset-dissim/C34-Economy/C34-Economy0133_dissim1.txt,0,0
./build_data/dataset/C34-Economy/C34-Economy0132.txt,./build_data/dataset-dissim/C34-Economy/C34-Economy0134_dissim2.txt,0,0
./build_data/dataset/C34-Economy/C34-Economy0133.txt,./build_data/dataset-dissim/C34-Economy/C34-Economy0134_dissim1.txt,0,0
./build_data/dataset/C34-Economy/C34-Economy0133.txt,./build_data/dataset-dissim/C34-Economy/C34-Economy0135_dissim2.txt,0,1
./build_data/dataset/C34-Economy/C34-Economy0134.txt,./build_data/dataset-dissim/C34-Economy/C34-Economy0135_dissim1.txt,0,0
./build_data/dataset/C34-Economy/C34-Economy0134.txt,./build_data/dataset-dissim/C34-Economy/C34-Economy0136_dissim2.txt,0,0
./build_data/dataset/C34-Economy/C34-Economy0135.txt,./build_data/dataset-dissim/C34-Economy/C34-Economy0136_dissim1.txt,0,0
./build_data/dataset/C34-Economy/C34-Economy0135.txt,./build_data/dataset-dissim/C34-Economy/C34-Economy0137_dissim2.txt,0,0
./build_data/dataset/C34-Economy/C34-Economy0136.txt,./build_data/dataset-dissim/C34-Economy/C34-Economy0137_dissim1.txt,0,0
./build_data/dataset/C34-Economy/C34-Economy0136.txt,./build_data/dataset-dissim/C34-Economy/C34-Economy0138_dissim2.txt,0,0
./build_data/dataset/C34-Economy/C34-Economy0137.txt,./build_data/dataset-dissim/C34-Economy/C34-Economy0138_dissim1.txt,0,1
./build_data/dataset/C34-Economy/C34-Economy0137.txt,./build_data/dataset-dissim/C34-Economy/C34-Economy0139_dissim2.txt,0,0
./build_data/dataset/C34-Economy/C34-Economy0138.txt,./build_data/dataset-dissim/C34-Economy/C34-Economy0139_dissim1.txt,0,0
./build_data/dataset/C34-Economy/C34-Economy0138.txt,./build_data/dataset-dissim/C34-Economy/C34-Economy0140_dissim2.txt,0,0
./build_data/dataset/C34-Economy/C34-Economy0139.txt,./build_data/dataset-dissim/C34-Economy/C34-Economy0140_dissim1.txt,0,0
./build_data/dataset/C34-Economy/C34-Economy0139.txt,./build_data/dataset-dissim/C34-Economy/C34-Economy0141_dissim2.txt,0,0
./build_data/dataset/C34-Economy/C34-Economy0140.txt,./build_data/dataset-dissim/C34-Economy/C34-Economy0141_dissim1.txt,0,0
./build_data/dataset/C34-Economy/C34-Economy0140.txt,./build_data/dataset-dissim/C34-Economy/C34-Economy0142_dissim2.txt,0,0
./build_data/dataset/C34-Economy/C34-Economy0141.txt,./build_data/dataset-dissim/C34-Economy/C34-Economy0142_dissim1.txt,0,1
./build_data/dataset/C34-Economy/C34-Economy0141.txt,./build_data/dataset-dissim/C34-Economy/C34-Economy0143_dissim2.txt,0,0
./build_data/dataset/C34-Economy/C34-Economy0142.txt,./build_data/dataset-dissim/C34-Economy/C34-Economy0143_dissim1.txt,0,0
./build_data/dataset/C34-Economy/C34-Economy0142.txt,./build_data/dataset-dissim/C34-Economy/C34-Economy0144_dissim2.txt,0,0
./build_data/dataset/C34-Economy/C34-Economy0143.txt,./build_data/dataset-dissim/C34-Economy/C34-Economy0144_dissim1.txt,0,0
./build_data/dataset/C34-Economy/C34-Economy0143.txt,./build_data/dataset-dissim/C34-Economy/C34-Economy0146_dissim2.txt,0,0
./build_data/dataset/C34-Economy/C34-Economy0144.txt,./build_data/dataset-dissim/C34-Economy/C34-Economy0146_dissim1.txt,0,0
./build_data/dataset/C34-Economy/C34-Economy0144.txt,./build_data/dataset-dissim/C34-Economy/C34-Economy0148_dissim2.txt,0,0
./build_data/dataset/C34-Economy/C34-Economy0146.txt,./build_data/dataset-dissim/C34-Economy/C34-Economy0148_dissim1.txt,0,0
./build_data/dataset/C34-Economy/C34-Economy0146.txt,./build_data/dataset-dissim/C34-Economy/C34-Economy0149_dissim2.txt,0,0
./build_data/dataset/C34-Economy/C34-Economy0148.txt,./build_data/dataset-dissim/C34-Economy/C34-Economy0149_dissim1.txt,0,0
./build_data/dataset/C34-Economy/C34-Economy0148.txt,./build_data/dataset-dissim/C34-Economy/C34-Economy0150_dissim2.txt,0,0
./build_data/dataset/C34-Economy/C34-Economy0149.txt,./build_data/dataset-dissim/C34-Economy/C34-Economy0150_dissim1.txt,0,0
./build_data/dataset/C34-Economy/C34-Economy0149.txt,./build_data/dataset-dissim/C34-Economy/C34-Economy0152_dissim2.txt,0,0
./build_data/dataset/C34-Economy/C34-Economy0150.txt,./build_data/dataset-dissim/C34-Economy/C34-Economy0152_dissim1.txt,0,0
./build_data/dataset/C34-Economy/C34-Economy0150.txt,./build_data/dataset-dissim/C34-Economy/C34-Economy0154_dissim2.txt,0,0
./build_data/dataset/C34-Economy/C34-Economy0152.txt,./build_data/dataset-dissim/C34-Economy/C34-Economy0154_dissim1.txt,0,0
./build_data/dataset/C34-Economy/C34-Economy0152.txt,./build_data/dataset-dissim/C34-Economy/C34-Economy0156_dissim2.txt,0,0
./build_data/dataset/C34-Economy/C34-Economy0154.txt,./build_data/dataset-dissim/C34-Economy/C34-Economy0156_dissim1.txt,0,0
./build_data/dataset/C34-Economy/C34-Economy0154.txt,./build_data/dataset-dissim/C34-Economy/C34-Economy0158_dissim2.txt,0,0
./build_data/dataset/C34-Economy/C34-Economy0156.txt,./build_data/dataset-dissim/C34-Economy/C34-Economy0158_dissim1.txt,0,0
./build_data/dataset/C34-Economy/C34-Economy0156.txt,./build_data/dataset-dissim/C34-Economy/C34-Economy0160_dissim2.txt,0,0
./build_data/dataset/C34-Economy/C34-Economy0158.txt,./build_data/dataset-dissim/C34-Economy/C34-Economy0160_dissim1.txt,0,0
./build_data/dataset/C34-Economy/C34-Economy0158.txt,./build_data/dataset-dissim/C34-Economy/C34-Economy0162_dissim2.txt,0,0
./build_data/dataset/C34-Economy/C34-Economy0160.txt,./build_data/dataset-dissim/C34-Economy/C34-Economy0162_dissim1.txt,0,0
./build_data/dataset/C34-Economy/C34-Economy0160.txt,./build_data/dataset-dissim/C34-Economy/C34-Economy0164_dissim2.txt,0,0
./build_data/dataset/C34-Economy/C34-Economy0162.txt,./build_data/dataset-dissim/C34-Economy/C34-Economy0164_dissim1.txt,0,0
./build_data/dataset/C34-Economy/C34-Economy0162.txt,./build_data/dataset-dissim/C34-Economy/C34-Economy0166_dissim2.txt,0,0
./build_data/dataset/C34-Economy/C34-Economy0164.txt,./build_data/dataset-dissim/C34-Economy/C34-Economy0166_dissim1.txt,0,0
./build_data/dataset/C34-Economy/C34-Economy0164.txt,./build_data/dataset-dissim/C34-Economy/C34-Economy0168_dissim2.txt,0,0
./build_data/dataset/C34-Economy/C34-Economy0166.txt,./build_data/dataset-dissim/C34-Economy/C34-Economy0168_dissim1.txt,0,0
./build_data/dataset/C34-Economy/C34-Economy0166.txt,./build_data/dataset-dissim/C34-Economy/C34-Economy0170_dissim2.txt,0,0
./build_data/dataset/C34-Economy/C34-Economy0168.txt,./build_data/dataset-dissim/C34-Economy/C34-Economy0170_dissim1.txt,0,0
./build_data/dataset/C34-Economy/C34-Economy0168.txt,./build_data/dataset-dissim/C34-Economy/C34-Economy0172_dissim2.txt,0,1
./build_data/dataset/C34-Economy/C34-Economy0170.txt,./build_data/dataset-dissim/C34-Economy/C34-Economy0172_dissim1.txt,0,0
./build_data/dataset/C34-Economy/C34-Economy0170.txt,./build_data/dataset-dissim/C34-Economy/C34-Economy0174_dissim2.txt,0,0
./build_data/dataset/C34-Economy/C34-Economy0172.txt,./build_data/dataset-dissim/C34-Economy/C34-Economy0174_dissim1.txt,0,0
./build_data/dataset/C34-Economy/C34-Economy0172.txt,./build_data/dataset-dissim/C34-Economy/C34-Economy0176_dissim2.txt,0,0
./build_data/dataset/C34-Economy/C34-Economy0174.txt,./build_data/dataset-dissim/C34-Economy/C34-Economy0176_dissim1.txt,0,0
./build_data/dataset/C34-Economy/C34-Economy0174.txt,./build_data/dataset-dissim/C34-Economy/C34-Economy0178_dissim2.txt,0,0
./build_data/dataset/C34-Economy/C34-Economy0176.txt,./build_data/dataset-dissim/C34-Economy/C34-Economy0178_dissim1.txt,0,0
./build_data/dataset/C34-Economy/C34-Economy0176.txt,./build_data/dataset-dissim/C34-Economy/C34-Economy0180_dissim2.txt,0,0
./build_data/dataset/C34-Economy/C34-Economy0178.txt,./build_data/dataset-dissim/C34-Economy/C34-Economy0180_dissim1.txt,0,1
./build_data/dataset/C34-Economy/C34-Economy0178.txt,./build_data/dataset-dissim/C34-Economy/C34-Economy0182_dissim2.txt,0,0
./build_data/dataset/C34-Economy/C34-Economy0180.txt,./build_data/dataset-dissim/C34-Economy/C34-Economy0182_dissim1.txt,0,0
./build_data/dataset/C34-Economy/C34-Economy0180.txt,./build_data/dataset-dissim/C34-Economy/C34-Economy0184_dissim2.txt,0,0
./build_data/dataset/C34-Economy/C34-Economy0182.txt,./build_data/dataset-dissim/C34-Economy/C34-Economy0184_dissim1.txt,0,1
./build_data/dataset/C34-Economy/C34-Economy0182.txt,./build_data/dataset-dissim/C34-Economy/C34-Economy0186_dissim2.txt,0,0
./build_data/dataset/C34-Economy/C34-Economy0184.txt,./build_data/dataset-dissim/C34-Economy/C34-Economy0186_dissim1.txt,0,0
./build_data/dataset/C34-Economy/C34-Economy0184.txt,./build_data/dataset-dissim/C34-Economy/C34-Economy0190_dissim2.txt,0,0
./build_data/dataset/C34-Economy/C34-Economy0186.txt,./build_data/dataset-dissim/C34-Economy/C34-Economy0190_dissim1.txt,0,0
./build_data/dataset/C34-Economy/C34-Economy0186.txt,./build_data/dataset-dissim/C34-Economy/C34-Economy0192_dissim2.txt,0,0
./build_data/dataset/C34-Economy/C34-Economy0190.txt,./build_data/dataset-dissim/C34-Economy/C34-Economy0192_dissim1.txt,0,0
./build_data/dataset/C34-Economy/C34-Economy0190.txt,./build_data/dataset-dissim/C34-Economy/C34-Economy0196_dissim2.txt,0,0
./build_data/dataset/C34-Economy/C34-Economy0192.txt,./build_data/dataset-dissim/C34-Economy/C34-Economy0196_dissim1.txt,0,1
./build_data/dataset/C34-Economy/C34-Economy0192.txt,./build_data/dataset-dissim/C34-Economy/C34-Economy0198_dissim2.txt,0,0
./build_data/dataset/C34-Economy/C34-Economy0196.txt,./build_data/dataset-dissim/C34-Economy/C34-Economy0198_dissim1.txt,0,0
./build_data/dataset/C34-Economy/C34-Economy0196.txt,./build_data/dataset-dissim/C34-Economy/C34-Economy0200_dissim2.txt,0,0
./build_data/dataset/C34-Economy/C34-Economy0198.txt,./build_data/dataset-dissim/C34-Economy/C34-Economy0200_dissim1.txt,0,0
./build_data/dataset/C34-Economy/C34-Economy0198.txt,./build_data/dataset-dissim/C34-Economy/C34-Economy0204_dissim2.txt,0,1
./build_data/dataset/C34-Economy/C34-Economy0200.txt,./build_data/dataset-dissim/C34-Economy/C34-Economy0204_dissim1.txt,0,0
./build_data/dataset/C34-Economy/C34-Economy0200.txt,./build_data/dataset-dissim/C34-Economy/C34-Economy0212_dissim2.txt,0,0
./build_data/dataset/C34-Economy/C34-Economy0204.txt,./build_data/dataset-dissim/C34-Economy/C34-Economy0212_dissim1.txt,0,0
./build_data/dataset/C34-Economy/C34-Economy0204.txt,./build_data/dataset-dissim/C34-Economy/C34-Economy0214_dissim2.txt,0,0
./build_data/dataset/C34-Economy/C34-Economy0212.txt,./build_data/dataset-dissim/C34-Economy/C34-Economy0214_dissim1.txt,0,1
./build_data/dataset/C34-Economy/C34-Economy0212.txt,./build_data/dataset-dissim/C34-Economy/C34-Economy0216_dissim2.txt,0,1
./build_data/dataset/C34-Economy/C34-Economy0214.txt,./build_data/dataset-dissim/C34-Economy/C34-Economy0216_dissim1.txt,0,1
./build_data/dataset/C34-Economy/C34-Economy0214.txt,./build_data/dataset-dissim/C34-Economy/C34-Economy0217_dissim2.txt,0,0
./build_data/dataset/C34-Economy/C34-Economy0216.txt,./build_data/dataset-dissim/C34-Economy/C34-Economy0217_dissim1.txt,0,0
./build_data/dataset/C34-Economy/C34-Economy0216.txt,./build_data/dataset-dissim/C34-Economy/C34-Economy0218_dissim2.txt,0,1
./build_data/dataset/C34-Economy/C34-Economy0217.txt,./build_data/dataset-dissim/C34-Economy/C34-Economy0218_dissim1.txt,0,0
./build_data/dataset/C34-Economy/C34-Economy0217.txt,./build_data/dataset-dissim/C34-Economy/C34-Economy0220_dissim2.txt,0,0
./build_data/dataset/C34-Economy/C34-Economy0218.txt,./build_data/dataset-dissim/C34-Economy/C34-Economy0220_dissim1.txt,0,0
./build_data/dataset/C34-Economy/C34-Economy0218.txt,./build_data/dataset-dissim/C34-Economy/C34-Economy0222_dissim2.txt,0,0
./build_data/dataset/C34-Economy/C34-Economy0220.txt,./build_data/dataset-dissim/C34-Economy/C34-Economy0222_dissim1.txt,0,1
./build_data/dataset/C34-Economy/C34-Economy0220.txt,./build_data/dataset-dissim/C34-Economy/C34-Economy0223_dissim2.txt,0,0
./build_data/dataset/C34-Economy/C34-Economy0222.txt,./build_data/dataset-dissim/C34-Economy/C34-Economy0223_dissim1.txt,0,0
./build_data/dataset/C34-Economy/C34-Economy0222.txt,./build_data/dataset-dissim/C34-Economy/C34-Economy0224_dissim2.txt,0,0
./build_data/dataset/C34-Economy/C34-Economy0223.txt,./build_data/dataset-dissim/C34-Economy/C34-Economy0224_dissim1.txt,0,0
./build_data/dataset/C34-Economy/C34-Economy0223.txt,./build_data/dataset-dissim/C34-Economy/C34-Economy0225_dissim2.txt,0,0
./build_data/dataset/C34-Economy/C34-Economy0224.txt,./build_data/dataset-dissim/C34-Economy/C34-Economy0225_dissim1.txt,0,0
./build_data/dataset/C34-Economy/C34-Economy0224.txt,./build_data/dataset-dissim/C34-Economy/C34-Economy0226_dissim2.txt,0,0
./build_data/dataset/C34-Economy/C34-Economy0225.txt,./build_data/dataset-dissim/C34-Economy/C34-Economy0226_dissim1.txt,0,0
./build_data/dataset/C34-Economy/C34-Economy0225.txt,./build_data/dataset-dissim/C34-Economy/C34-Economy0227_dissim2.txt,0,0
./build_data/dataset/C34-Economy/C34-Economy0226.txt,./build_data/dataset-dissim/C34-Economy/C34-Economy0227_dissim1.txt,0,0
./build_data/dataset/C34-Economy/C34-Economy0226.txt,./build_data/dataset-dissim/C34-Economy/C34-Economy0228_dissim2.txt,0,0
./build_data/dataset/C34-Economy/C34-Economy0227.txt,./build_data/dataset-dissim/C34-Economy/C34-Economy0228_dissim1.txt,0,0
./build_data/dataset/C34-Economy/C34-Economy0227.txt,./build_data/dataset-dissim/C34-Economy/C34-Economy0229_dissim2.txt,0,0
./build_data/dataset/C34-Economy/C34-Economy0228.txt,./build_data/dataset-dissim/C34-Economy/C34-Economy0229_dissim1.txt,0,0
./build_data/dataset/C34-Economy/C34-Economy0228.txt,./build_data/dataset-dissim/C34-Economy/C34-Economy0230_dissim2.txt,0,0
./build_data/dataset/C34-Economy/C34-Economy0229.txt,./build_data/dataset-dissim/C34-Economy/C34-Economy0230_dissim1.txt,0,0
./build_data/dataset/C34-Economy/C34-Economy0229.txt,./build_data/dataset-dissim/C34-Economy/C34-Economy0231_dissim2.txt,0,0
./build_data/dataset/C34-Economy/C34-Economy0230.txt,./build_data/dataset-dissim/C34-Economy/C34-Economy0231_dissim1.txt,0,1
./build_data/dataset/C34-Economy/C34-Economy0230.txt,./build_data/dataset-dissim/C34-Economy/C34-Economy0232_dissim2.txt,0,0
./build_data/dataset/C34-Economy/C34-Economy0231.txt,./build_data/dataset-dissim/C34-Economy/C34-Economy0232_dissim1.txt,0,0
./build_data/dataset/C34-Economy/C34-Economy0231.txt,./build_data/dataset-dissim/C34-Economy/C34-Economy0233_dissim2.txt,0,0
./build_data/dataset/C34-Economy/C34-Economy0232.txt,./build_data/dataset-dissim/C34-Economy/C34-Economy0233_dissim1.txt,0,0
./build_data/dataset/C34-Economy/C34-Economy0232.txt,./build_data/dataset-dissim/C34-Economy/C34-Economy0234_dissim2.txt,0,0
./build_data/dataset/C34-Economy/C34-Economy0233.txt,./build_data/dataset-dissim/C34-Economy/C34-Economy0234_dissim1.txt,0,0
./build_data/dataset/C34-Economy/C34-Economy0233.txt,./build_data/dataset-dissim/C34-Economy/C34-Economy0235_dissim2.txt,0,0
./build_data/dataset/C34-Economy/C34-Economy0234.txt,./build_data/dataset-dissim/C34-Economy/C34-Economy0235_dissim1.txt,0,0
./build_data/dataset/C34-Economy/C34-Economy0234.txt,./build_data/dataset-dissim/C34-Economy/C34-Economy0236_dissim2.txt,0,0
./build_data/dataset/C34-Economy/C34-Economy0235.txt,./build_data/dataset-dissim/C34-Economy/C34-Economy0236_dissim1.txt,0,0
./build_data/dataset/C34-Economy/C34-Economy0235.txt,./build_data/dataset-dissim/C34-Economy/C34-Economy0237_dissim2.txt,0,1
./build_data/dataset/C34-Economy/C34-Economy0236.txt,./build_data/dataset-dissim/C34-Economy/C34-Economy0237_dissim1.txt,0,1
./build_data/dataset/C34-Economy/C34-Economy0236.txt,./build_data/dataset-dissim/C34-Economy/C34-Economy0238_dissim2.txt,0,1
./build_data/dataset/C34-Economy/C34-Economy0237.txt,./build_data/dataset-dissim/C34-Economy/C34-Economy0238_dissim1.txt,0,1
./build_data/dataset/C34-Economy/C34-Economy0237.txt,./build_data/dataset-dissim/C34-Economy/C34-Economy0239_dissim2.txt,0,1
./build_data/dataset/C34-Economy/C34-Economy0238.txt,./build_data/dataset-dissim/C34-Economy/C34-Economy0239_dissim1.txt,0,1
./build_data/dataset/C34-Economy/C34-Economy0238.txt,./build_data/dataset-dissim/C34-Economy/C34-Economy0240_dissim2.txt,0,0
./build_data/dataset/C34-Economy/C34-Economy0239.txt,./build_data/dataset-dissim/C34-Economy/C34-Economy0240_dissim1.txt,0,0
./build_data/dataset/C34-Economy/C34-Economy0239.txt,./build_data/dataset-dissim/C34-Economy/C34-Economy0241_dissim2.txt,0,0
./build_data/dataset/C34-Economy/C34-Economy0240.txt,./build_data/dataset-dissim/C34-Economy/C34-Economy0241_dissim1.txt,0,0
./build_data/dataset/C34-Economy/C34-Economy0240.txt,./build_data/dataset-dissim/C34-Economy/C34-Economy0242_dissim2.txt,0,0
./build_data/dataset/C34-Economy/C34-Economy0241.txt,./build_data/dataset-dissim/C34-Economy/C34-Economy0242_dissim1.txt,0,0
./build_data/dataset/C34-Economy/C34-Economy0241.txt,./build_data/dataset-dissim/C34-Economy/C34-Economy0243_dissim2.txt,0,0
./build_data/dataset/C34-Economy/C34-Economy0242.txt,./build_data/dataset-dissim/C34-Economy/C34-Economy0243_dissim1.txt,0,1
./build_data/dataset/C34-Economy/C34-Economy0242.txt,./build_data/dataset-dissim/C34-Economy/C34-Economy0244_dissim2.txt,0,0
./build_data/dataset/C34-Economy/C34-Economy0243.txt,./build_data/dataset-dissim/C34-Economy/C34-Economy0244_dissim1.txt,0,1
./build_data/dataset/C34-Economy/C34-Economy0243.txt,./build_data/dataset-dissim/C34-Economy/C34-Economy0245_dissim2.txt,0,1
./build_data/dataset/C34-Economy/C34-Economy0244.txt,./build_data/dataset-dissim/C34-Economy/C34-Economy0245_dissim1.txt,0,0
./build_data/dataset/C34-Economy/C34-Economy0244.txt,./build_data/dataset-dissim/C34-Economy/C34-Economy0246_dissim2.txt,0,0
./build_data/dataset/C34-Economy/C34-Economy0245.txt,./build_data/dataset-dissim/C34-Economy/C34-Economy0246_dissim1.txt,0,0
./build_data/dataset/C34-Economy/C34-Economy0245.txt,./build_data/dataset-dissim/C34-Economy/C34-Economy0247_dissim2.txt,0,0
./build_data/dataset/C34-Economy/C34-Economy0246.txt,./build_data/dataset-dissim/C34-Economy/C34-Economy0247_dissim1.txt,0,0
./build_data/dataset/C34-Economy/C34-Economy0246.txt,./build_data/dataset-dissim/C34-Economy/C34-Economy0248_dissim2.txt,0,0
./build_data/dataset/C34-Economy/C34-Economy0247.txt,./build_data/dataset-dissim/C34-Economy/C34-Economy0248_dissim1.txt,0,0
./build_data/dataset/C34-Economy/C34-Economy0247.txt,./build_data/dataset-dissim/C34-Economy/C34-Economy0249_dissim2.txt,0,0
./build_data/dataset/C34-Economy/C34-Economy0248.txt,./build_data/dataset-dissim/C34-Economy/C34-Economy0249_dissim1.txt,0,0
./build_data/dataset/C34-Economy/C34-Economy0248.txt,./build_data/dataset-dissim/C34-Economy/C34-Economy0250_dissim2.txt,0,0
./build_data/dataset/C34-Economy/C34-Economy0249.txt,./build_data/dataset-dissim/C34-Economy/C34-Economy0250_dissim1.txt,0,0
./build_data/dataset/C34-Economy/C34-Economy0249.txt,./build_data/dataset-dissim/C34-Economy/C34-Economy0251_dissim2.txt,0,0
./build_data/dataset/C34-Economy/C34-Economy0250.txt,./build_data/dataset-dissim/C34-Economy/C34-Economy0251_dissim1.txt,0,0
./build_data/dataset/C34-Economy/C34-Economy0250.txt,./build_data/dataset-dissim/C34-Economy/C34-Economy0252_dissim2.txt,0,0
./build_data/dataset/C34-Economy/C34-Economy0251.txt,./build_data/dataset-dissim/C34-Economy/C34-Economy0252_dissim1.txt,0,0
./build_data/dataset/C34-Economy/C34-Economy0251.txt,./build_data/dataset-dissim/C34-Economy/C34-Economy0253_dissim2.txt,0,0
./build_data/dataset/C34-Economy/C34-Economy0252.txt,./build_data/dataset-dissim/C34-Economy/C34-Economy0253_dissim1.txt,0,0
./build_data/dataset/C34-Economy/C34-Economy0252.txt,./build_data/dataset-dissim/C34-Economy/C34-Economy0254_dissim2.txt,0,0
./build_data/dataset/C34-Economy/C34-Economy0253.txt,./build_data/dataset-dissim/C34-Economy/C34-Economy0254_dissim1.txt,0,0
./build_data/dataset/C34-Economy/C34-Economy0253.txt,./build_data/dataset-dissim/C34-Economy/C34-Economy0256_dissim2.txt,0,0
./build_data/dataset/C34-Economy/C34-Economy0254.txt,./build_data/dataset-dissim/C34-Economy/C34-Economy0256_dissim1.txt,0,0
./build_data/dataset/C34-Economy/C34-Economy0254.txt,./build_data/dataset-dissim/C34-Economy/C34-Economy0257_dissim2.txt,0,0
./build_data/dataset/C34-Economy/C34-Economy0256.txt,./build_data/dataset-dissim/C34-Economy/C34-Economy0257_dissim1.txt,0,0
./build_data/dataset/C34-Economy/C34-Economy0256.txt,./build_data/dataset-dissim/C34-Economy/C34-Economy0258_dissim2.txt,0,0
./build_data/dataset/C34-Economy/C34-Economy0257.txt,./build_data/dataset-dissim/C34-Economy/C34-Economy0258_dissim1.txt,0,0
./build_data/dataset/C34-Economy/C34-Economy0257.txt,./build_data/dataset-dissim/C34-Economy/C34-Economy0259_dissim2.txt,0,0
./build_data/dataset/C34-Economy/C34-Economy0258.txt,./build_data/dataset-dissim/C34-Economy/C34-Economy0259_dissim1.txt,0,0
./build_data/dataset/C34-Economy/C34-Economy0258.txt,./build_data/dataset-dissim/C34-Economy/C34-Economy0261_dissim2.txt,0,0
./build_data/dataset/C34-Economy/C34-Economy0259.txt,./build_data/dataset-dissim/C34-Economy/C34-Economy0261_dissim1.txt,0,0
./build_data/dataset/C34-Economy/C34-Economy0259.txt,./build_data/dataset-dissim/C34-Economy/C34-Economy0263_dissim2.txt,0,0
./build_data/dataset/C34-Economy/C34-Economy0261.txt,./build_data/dataset-dissim/C34-Economy/C34-Economy0263_dissim1.txt,0,0
./build_data/dataset/C34-Economy/C34-Economy0261.txt,./build_data/dataset-dissim/C34-Economy/C34-Economy0265_dissim2.txt,0,0
./build_data/dataset/C34-Economy/C34-Economy0263.txt,./build_data/dataset-dissim/C34-Economy/C34-Economy0265_dissim1.txt,0,0
./build_data/dataset/C34-Economy/C34-Economy0263.txt,./build_data/dataset-dissim/C34-Economy/C34-Economy0267_dissim2.txt,0,0
./build_data/dataset/C34-Economy/C34-Economy0265.txt,./build_data/dataset-dissim/C34-Economy/C34-Economy0267_dissim1.txt,0,0
./build_data/dataset/C34-Economy/C34-Economy0265.txt,./build_data/dataset-dissim/C34-Economy/C34-Economy0269_dissim2.txt,0,0
./build_data/dataset/C34-Economy/C34-Economy0267.txt,./build_data/dataset-dissim/C34-Economy/C34-Economy0269_dissim1.txt,0,0
./build_data/dataset/C34-Economy/C34-Economy0267.txt,./build_data/dataset-dissim/C34-Economy/C34-Economy0271_dissim2.txt,0,0
./build_data/dataset/C34-Economy/C34-Economy0269.txt,./build_data/dataset-dissim/C34-Economy/C34-Economy0271_dissim1.txt,0,0
./build_data/dataset/C34-Economy/C34-Economy0269.txt,./build_data/dataset-dissim/C34-Economy/C34-Economy0273_dissim2.txt,0,0
./build_data/dataset/C34-Economy/C34-Economy0271.txt,./build_data/dataset-dissim/C34-Economy/C34-Economy0273_dissim1.txt,0,0
./build_data/dataset/C34-Economy/C34-Economy0271.txt,./build_data/dataset-dissim/C34-Economy/C34-Economy0276_dissim2.txt,0,0
./build_data/dataset/C34-Economy/C34-Economy0273.txt,./build_data/dataset-dissim/C34-Economy/C34-Economy0276_dissim1.txt,0,0
./build_data/dataset/C34-Economy/C34-Economy0273.txt,./build_data/dataset-dissim/C34-Economy/C34-Economy0278_dissim2.txt,0,0
./build_data/dataset/C34-Economy/C34-Economy0276.txt,./build_data/dataset-dissim/C34-Economy/C34-Economy0278_dissim1.txt,0,0
./build_data/dataset/C34-Economy/C34-Economy0276.txt,./build_data/dataset-dissim/C34-Economy/C34-Economy0279_dissim2.txt,0,0
./build_data/dataset/C34-Economy/C34-Economy0278.txt,./build_data/dataset-dissim/C34-Economy/C34-Economy0279_dissim1.txt,0,0
./build_data/dataset/C34-Economy/C34-Economy0278.txt,./build_data/dataset-dissim/C34-Economy/C34-Economy0280_dissim2.txt,0,0
./build_data/dataset/C34-Economy/C34-Economy0279.txt,./build_data/dataset-dissim/C34-Economy/C34-Economy0280_dissim1.txt,0,0
./build_data/dataset/C34-Economy/C34-Economy0279.txt,./build_data/dataset-dissim/C34-Economy/C34-Economy0281_dissim2.txt,0,0
./build_data/dataset/C34-Economy/C34-Economy0280.txt,./build_data/dataset-dissim/C34-Economy/C34-Economy0281_dissim1.txt,0,0
./build_data/dataset/C34-Economy/C34-Economy0280.txt,./build_data/dataset-dissim/C34-Economy/C34-Economy0282_dissim2.txt,0,0
./build_data/dataset/C34-Economy/C34-Economy0281.txt,./build_data/dataset-dissim/C34-Economy/C34-Economy0282_dissim1.txt,0,0
./build_data/dataset/C34-Economy/C34-Economy0281.txt,./build_data/dataset-dissim/C34-Economy/C34-Economy0283_dissim2.txt,0,0
./build_data/dataset/C34-Economy/C34-Economy0282.txt,./build_data/dataset-dissim/C34-Economy/C34-Economy0283_dissim1.txt,0,0
./build_data/dataset/C34-Economy/C34-Economy0282.txt,./build_data/dataset-dissim/C34-Economy/C34-Economy0284_dissim2.txt,0,0
./build_data/dataset/C34-Economy/C34-Economy0283.txt,./build_data/dataset-dissim/C34-Economy/C34-Economy0284_dissim1.txt,0,0
./build_data/dataset/C34-Economy/C34-Economy0283.txt,./build_data/dataset-dissim/C34-Economy/C34-Economy0285_dissim2.txt,0,0
./build_data/dataset/C34-Economy/C34-Economy0284.txt,./build_data/dataset-dissim/C34-Economy/C34-Economy0285_dissim1.txt,0,0
./build_data/dataset/C34-Economy/C34-Economy0284.txt,./build_data/dataset-dissim/C34-Economy/C34-Economy0286_dissim2.txt,0,0
./build_data/dataset/C34-Economy/C34-Economy0285.txt,./build_data/dataset-dissim/C34-Economy/C34-Economy0286_dissim1.txt,0,0
./build_data/dataset/C34-Economy/C34-Economy0285.txt,./build_data/dataset-dissim/C34-Economy/C34-Economy0287_dissim2.txt,0,0
./build_data/dataset/C34-Economy/C34-Economy0286.txt,./build_data/dataset-dissim/C34-Economy/C34-Economy0287_dissim1.txt,0,0
./build_data/dataset/C34-Economy/C34-Economy0286.txt,./build_data/dataset-dissim/C34-Economy/C34-Economy0288_dissim2.txt,0,0
./build_data/dataset/C34-Economy/C34-Economy0287.txt,./build_data/dataset-dissim/C34-Economy/C34-Economy0288_dissim1.txt,0,0
./build_data/dataset/C34-Economy/C34-Economy0287.txt,./build_data/dataset-dissim/C34-Economy/C34-Economy0289_dissim2.txt,0,0
./build_data/dataset/C34-Economy/C34-Economy0288.txt,./build_data/dataset-dissim/C34-Economy/C34-Economy0289_dissim1.txt,0,0
./build_data/dataset/C34-Economy/C34-Economy0288.txt,./build_data/dataset-dissim/C34-Economy/C34-Economy0290_dissim2.txt,0,0
./build_data/dataset/C34-Economy/C34-Economy0289.txt,./build_data/dataset-dissim/C34-Economy/C34-Economy0290_dissim1.txt,0,0
./build_data/dataset/C34-Economy/C34-Economy0289.txt,./build_data/dataset-dissim/C34-Economy/C34-Economy0309_dissim2.txt,0,0
./build_data/dataset/C34-Economy/C34-Economy0290.txt,./build_data/dataset-dissim/C34-Economy/C34-Economy0309_dissim1.txt,0,0
./build_data/dataset/C34-Economy/C34-Economy0290.txt,./build_data/dataset-dissim/C34-Economy/C34-Economy0311_dissim2.txt,0,0
./build_data/dataset/C34-Economy/C34-Economy0309.txt,./build_data/dataset-dissim/C34-Economy/C34-Economy0311_dissim1.txt,0,0
./build_data/dataset/C34-Economy/C34-Economy0309.txt,./build_data/dataset-dissim/C34-Economy/C34-Economy0313_dissim2.txt,0,0
./build_data/dataset/C34-Economy/C34-Economy0311.txt,./build_data/dataset-dissim/C34-Economy/C34-Economy0313_dissim1.txt,0,0
./build_data/dataset/C34-Economy/C34-Economy0311.txt,./build_data/dataset-dissim/C34-Economy/C34-Economy0315_dissim2.txt,0,0
./build_data/dataset/C34-Economy/C34-Economy0313.txt,./build_data/dataset-dissim/C34-Economy/C34-Economy0315_dissim1.txt,0,0
./build_data/dataset/C34-Economy/C34-Economy0313.txt,./build_data/dataset-dissim/C34-Economy/C34-Economy0317_dissim2.txt,0,0
./build_data/dataset/C34-Economy/C34-Economy0315.txt,./build_data/dataset-dissim/C34-Economy/C34-Economy0317_dissim1.txt,0,0
./build_data/dataset/C34-Economy/C34-Economy0315.txt,./build_data/dataset-dissim/C34-Economy/C34-Economy0319_dissim2.txt,0,0
./build_data/dataset/C34-Economy/C34-Economy0317.txt,./build_data/dataset-dissim/C34-Economy/C34-Economy0319_dissim1.txt,0,0
./build_data/dataset/C34-Economy/C34-Economy0317.txt,./build_data/dataset-dissim/C34-Economy/C34-Economy0321_dissim2.txt,0,0
./build_data/dataset/C34-Economy/C34-Economy0319.txt,./build_data/dataset-dissim/C34-Economy/C34-Economy0321_dissim1.txt,0,0
./build_data/dataset/C34-Economy/C34-Economy0319.txt,./build_data/dataset-dissim/C34-Economy/C34-Economy0340_dissim2.txt,0,0
./build_data/dataset/C34-Economy/C34-Economy0321.txt,./build_data/dataset-dissim/C34-Economy/C34-Economy0340_dissim1.txt,0,0
./build_data/dataset/C34-Economy/C34-Economy0321.txt,./build_data/dataset-dissim/C34-Economy/C34-Economy0341_dissim2.txt,0,0
./build_data/dataset/C34-Economy/C34-Economy0340.txt,./build_data/dataset-dissim/C34-Economy/C34-Economy0341_dissim1.txt,0,0
./build_data/dataset/C34-Economy/C34-Economy0340.txt,./build_data/dataset-dissim/C34-Economy/C34-Economy0342_dissim2.txt,0,0
./build_data/dataset/C34-Economy/C34-Economy0341.txt,./build_data/dataset-dissim/C34-Economy/C34-Economy0342_dissim1.txt,0,1
./build_data/dataset/C34-Economy/C34-Economy0341.txt,./build_data/dataset-dissim/C34-Economy/C34-Economy0343_dissim2.txt,0,0
./build_data/dataset/C34-Economy/C34-Economy0342.txt,./build_data/dataset-dissim/C34-Economy/C34-Economy0343_dissim1.txt,0,0
./build_data/dataset/C34-Economy/C34-Economy0342.txt,./build_data/dataset-dissim/C34-Economy/C34-Economy0344_dissim2.txt,0,0
./build_data/dataset/C34-Economy/C34-Economy0343.txt,./build_data/dataset-dissim/C34-Economy/C34-Economy0344_dissim1.txt,0,0
./build_data/dataset/C34-Economy/C34-Economy0343.txt,./build_data/dataset-dissim/C34-Economy/C34-Economy0345_dissim2.txt,0,0
./build_data/dataset/C34-Economy/C34-Economy0344.txt,./build_data/dataset-dissim/C34-Economy/C34-Economy0345_dissim1.txt,0,0
./build_data/dataset/C34-Economy/C34-Economy0344.txt,./build_data/dataset-dissim/C34-Economy/C34-Economy0346_dissim2.txt,0,0
./build_data/dataset/C34-Economy/C34-Economy0345.txt,./build_data/dataset-dissim/C34-Economy/C34-Economy0346_dissim1.txt,0,0
./build_data/dataset/C34-Economy/C34-Economy0345.txt,./build_data/dataset-dissim/C34-Economy/C34-Economy0347_dissim2.txt,0,0
./build_data/dataset/C34-Economy/C34-Economy0346.txt,./build_data/dataset-dissim/C34-Economy/C34-Economy0347_dissim1.txt,0,0
./build_data/dataset/C34-Economy/C34-Economy0346.txt,./build_data/dataset-dissim/C34-Economy/C34-Economy0348_dissim2.txt,0,0
./build_data/dataset/C34-Economy/C34-Economy0347.txt,./build_data/dataset-dissim/C34-Economy/C34-Economy0348_dissim1.txt,0,0
./build_data/dataset/C34-Economy/C34-Economy0347.txt,./build_data/dataset-dissim/C34-Economy/C34-Economy0349_dissim2.txt,0,0
./build_data/dataset/C34-Economy/C34-Economy0348.txt,./build_data/dataset-dissim/C34-Economy/C34-Economy0349_dissim1.txt,0,0
./build_data/dataset/C34-Economy/C34-Economy0348.txt,./build_data/dataset-dissim/C34-Economy/C34-Economy0350_dissim2.txt,0,0
./build_data/dataset/C34-Economy/C34-Economy0349.txt,./build_data/dataset-dissim/C34-Economy/C34-Economy0350_dissim1.txt,0,0
./build_data/dataset/C34-Economy/C34-Economy0349.txt,./build_data/dataset-dissim/C34-Economy/C34-Economy0351_dissim2.txt,0,0
./build_data/dataset/C34-Economy/C34-Economy0350.txt,./build_data/dataset-dissim/C34-Economy/C34-Economy0351_dissim1.txt,0,1
./build_data/dataset/C34-Economy/C34-Economy0350.txt,./build_data/dataset-dissim/C34-Economy/C34-Economy0352_dissim2.txt,0,0
./build_data/dataset/C34-Economy/C34-Economy0351.txt,./build_data/dataset-dissim/C34-Economy/C34-Economy0352_dissim1.txt,0,0
./build_data/dataset/C34-Economy/C34-Economy0351.txt,./build_data/dataset-dissim/C34-Economy/C34-Economy0353_dissim2.txt,0,0
./build_data/dataset/C34-Economy/C34-Economy0352.txt,./build_data/dataset-dissim/C34-Economy/C34-Economy0353_dissim1.txt,0,0
./build_data/dataset/C34-Economy/C34-Economy0352.txt,./build_data/dataset-dissim/C34-Economy/C34-Economy0354_dissim2.txt,0,1
./build_data/dataset/C34-Economy/C34-Economy0353.txt,./build_data/dataset-dissim/C34-Economy/C34-Economy0354_dissim1.txt,0,1
./build_data/dataset/C34-Economy/C34-Economy0353.txt,./build_data/dataset-dissim/C34-Economy/C34-Economy0355_dissim2.txt,0,1
./build_data/dataset/C34-Economy/C34-Economy0354.txt,./build_data/dataset-dissim/C34-Economy/C34-Economy0355_dissim1.txt,0,0
./build_data/dataset/C34-Economy/C34-Economy0354.txt,./build_data/dataset-dissim/C34-Economy/C34-Economy0356_dissim2.txt,0,0
./build_data/dataset/C34-Economy/C34-Economy0355.txt,./build_data/dataset-dissim/C34-Economy/C34-Economy0356_dissim1.txt,0,0
./build_data/dataset/C34-Economy/C34-Economy0355.txt,./build_data/dataset-dissim/C34-Economy/C34-Economy0357_dissim2.txt,0,0
./build_data/dataset/C34-Economy/C34-Economy0356.txt,./build_data/dataset-dissim/C34-Economy/C34-Economy0357_dissim1.txt,0,0
./build_data/dataset/C34-Economy/C34-Economy0356.txt,./build_data/dataset-dissim/C34-Economy/C34-Economy0358_dissim2.txt,0,0
./build_data/dataset/C34-Economy/C34-Economy0357.txt,./build_data/dataset-dissim/C34-Economy/C34-Economy0358_dissim1.txt,0,0
./build_data/dataset/C34-Economy/C34-Economy0357.txt,./build_data/dataset-dissim/C34-Economy/C34-Economy0359_dissim2.txt,0,0
./build_data/dataset/C34-Economy/C34-Economy0358.txt,./build_data/dataset-dissim/C34-Economy/C34-Economy0359_dissim1.txt,0,0
./build_data/dataset/C34-Economy/C34-Economy0358.txt,./build_data/dataset-dissim/C34-Economy/C34-Economy0360_dissim2.txt,0,0
./build_data/dataset/C34-Economy/C34-Economy0359.txt,./build_data/dataset-dissim/C34-Economy/C34-Economy0360_dissim1.txt,0,0
./build_data/dataset/C34-Economy/C34-Economy0359.txt,./build_data/dataset-dissim/C34-Economy/C34-Economy0361_dissim2.txt,0,0
./build_data/dataset/C34-Economy/C34-Economy0360.txt,./build_data/dataset-dissim/C34-Economy/C34-Economy0361_dissim1.txt,0,0
./build_data/dataset/C34-Economy/C34-Economy0360.txt,./build_data/dataset-dissim/C34-Economy/C34-Economy0362_dissim2.txt,0,0
./build_data/dataset/C34-Economy/C34-Economy0361.txt,./build_data/dataset-dissim/C34-Economy/C34-Economy0362_dissim1.txt,0,0
./build_data/dataset/C34-Economy/C34-Economy0361.txt,./build_data/dataset-dissim/C34-Economy/C34-Economy0363_dissim2.txt,0,0
./build_data/dataset/C34-Economy/C34-Economy0362.txt,./build_data/dataset-dissim/C34-Economy/C34-Economy0363_dissim1.txt,0,0
./build_data/dataset/C34-Economy/C34-Economy0362.txt,./build_data/dataset-dissim/C34-Economy/C34-Economy0364_dissim2.txt,0,0
./build_data/dataset/C34-Economy/C34-Economy0363.txt,./build_data/dataset-dissim/C34-Economy/C34-Economy0364_dissim1.txt,0,0
./build_data/dataset/C34-Economy/C34-Economy0363.txt,./build_data/dataset-dissim/C34-Economy/C34-Economy0365_dissim2.txt,0,0
./build_data/dataset/C34-Economy/C34-Economy0364.txt,./build_data/dataset-dissim/C34-Economy/C34-Economy0365_dissim1.txt,0,0
./build_data/dataset/C34-Economy/C34-Economy0364.txt,./build_data/dataset-dissim/C34-Economy/C34-Economy0366_dissim2.txt,0,0
./build_data/dataset/C34-Economy/C34-Economy0365.txt,./build_data/dataset-dissim/C34-Economy/C34-Economy0366_dissim1.txt,0,0
./build_data/dataset/C34-Economy/C34-Economy0365.txt,./build_data/dataset-dissim/C34-Economy/C34-Economy0367_dissim2.txt,0,0
./build_data/dataset/C34-Economy/C34-Economy0366.txt,./build_data/dataset-dissim/C34-Economy/C34-Economy0367_dissim1.txt,0,0
./build_data/dataset/C34-Economy/C34-Economy0366.txt,./build_data/dataset-dissim/C34-Economy/C34-Economy0368_dissim2.txt,0,0
./build_data/dataset/C34-Economy/C34-Economy0367.txt,./build_data/dataset-dissim/C34-Economy/C34-Economy0368_dissim1.txt,0,1
./build_data/dataset/C34-Economy/C34-Economy0367.txt,./build_data/dataset-dissim/C34-Economy/C34-Economy0369_dissim2.txt,0,0
./build_data/dataset/C34-Economy/C34-Economy0368.txt,./build_data/dataset-dissim/C34-Economy/C34-Economy0369_dissim1.txt,0,0
./build_data/dataset/C34-Economy/C34-Economy0368.txt,./build_data/dataset-dissim/C34-Economy/C34-Economy0370_dissim2.txt,0,0
./build_data/dataset/C34-Economy/C34-Economy0369.txt,./build_data/dataset-dissim/C34-Economy/C34-Economy0370_dissim1.txt,0,0
./build_data/dataset/C34-Economy/C34-Economy0369.txt,./build_data/dataset-dissim/C34-Economy/C34-Economy0371_dissim2.txt,0,0
./build_data/dataset/C34-Economy/C34-Economy0370.txt,./build_data/dataset-dissim/C34-Economy/C34-Economy0371_dissim1.txt,0,0
./build_data/dataset/C34-Economy/C34-Economy0370.txt,./build_data/dataset-dissim/C34-Economy/C34-Economy0372_dissim2.txt,0,0
./build_data/dataset/C34-Economy/C34-Economy0371.txt,./build_data/dataset-dissim/C34-Economy/C34-Economy0372_dissim1.txt,0,1
./build_data/dataset/C34-Economy/C34-Economy0371.txt,./build_data/dataset-dissim/C34-Economy/C34-Economy0373_dissim2.txt,0,0
./build_data/dataset/C34-Economy/C34-Economy0372.txt,./build_data/dataset-dissim/C34-Economy/C34-Economy0373_dissim1.txt,0,0
./build_data/dataset/C34-Economy/C34-Economy0372.txt,./build_data/dataset-dissim/C34-Economy/C34-Economy0374_dissim2.txt,0,0
./build_data/dataset/C34-Economy/C34-Economy0373.txt,./build_data/dataset-dissim/C34-Economy/C34-Economy0374_dissim1.txt,0,0
./build_data/dataset/C34-Economy/C34-Economy0373.txt,./build_data/dataset-dissim/C34-Economy/C34-Economy0375_dissim2.txt,0,0
./build_data/dataset/C34-Economy/C34-Economy0374.txt,./build_data/dataset-dissim/C34-Economy/C34-Economy0375_dissim1.txt,0,0
./build_data/dataset/C34-Economy/C34-Economy0374.txt,./build_data/dataset-dissim/C34-Economy/C34-Economy0376_dissim2.txt,0,0
./build_data/dataset/C34-Economy/C34-Economy0375.txt,./build_data/dataset-dissim/C34-Economy/C34-Economy0376_dissim1.txt,0,0
./build_data/dataset/C34-Economy/C34-Economy0375.txt,./build_data/dataset-dissim/C34-Economy/C34-Economy0378_dissim2.txt,0,0
./build_data/dataset/C34-Economy/C34-Economy0376.txt,./build_data/dataset-dissim/C34-Economy/C34-Economy0378_dissim1.txt,0,1
./build_data/dataset/C34-Economy/C34-Economy0376.txt,./build_data/dataset-dissim/C34-Economy/C34-Economy0379_dissim2.txt,0,1
./build_data/dataset/C34-Economy/C34-Economy0378.txt,./build_data/dataset-dissim/C34-Economy/C34-Economy0379_dissim1.txt,0,1
./build_data/dataset/C34-Economy/C34-Economy0378.txt,./build_data/dataset-dissim/C34-Economy/C34-Economy0380_dissim2.txt,0,0
./build_data/dataset/C34-Economy/C34-Economy0379.txt,./build_data/dataset-dissim/C34-Economy/C34-Economy0380_dissim1.txt,0,0
./build_data/dataset/C34-Economy/C34-Economy0379.txt,./build_data/dataset-dissim/C34-Economy/C34-Economy0381_dissim2.txt,0,0
./build_data/dataset/C34-Economy/C34-Economy0380.txt,./build_data/dataset-dissim/C34-Economy/C34-Economy0381_dissim1.txt,0,0
./build_data/dataset/C34-Economy/C34-Economy0380.txt,./build_data/dataset-dissim/C34-Economy/C34-Economy0382_dissim2.txt,0,0
./build_data/dataset/C34-Economy/C34-Economy0381.txt,./build_data/dataset-dissim/C34-Economy/C34-Economy0382_dissim1.txt,0,0
./build_data/dataset/C34-Economy/C34-Economy0381.txt,./build_data/dataset-dissim/C34-Economy/C34-Economy0383_dissim2.txt,0,0
./build_data/dataset/C34-Economy/C34-Economy0382.txt,./build_data/dataset-dissim/C34-Economy/C34-Economy0383_dissim1.txt,0,0
./build_data/dataset/C34-Economy/C34-Economy0382.txt,./build_data/dataset-dissim/C34-Economy/C34-Economy0384_dissim2.txt,0,0
./build_data/dataset/C34-Economy/C34-Economy0383.txt,./build_data/dataset-dissim/C34-Economy/C34-Economy0384_dissim1.txt,0,0
./build_data/dataset/C34-Economy/C34-Economy0383.txt,./build_data/dataset-dissim/C34-Economy/C34-Economy0385_dissim2.txt,0,0
./build_data/dataset/C34-Economy/C34-Economy0384.txt,./build_data/dataset-dissim/C34-Economy/C34-Economy0385_dissim1.txt,0,0
./build_data/dataset/C34-Economy/C34-Economy0384.txt,./build_data/dataset-dissim/C34-Economy/C34-Economy0386_dissim2.txt,0,0
./build_data/dataset/C34-Economy/C34-Economy0385.txt,./build_data/dataset-dissim/C34-Economy/C34-Economy0386_dissim1.txt,0,0
./build_data/dataset/C34-Economy/C34-Economy0385.txt,./build_data/dataset-dissim/C34-Economy/C34-Economy0387_dissim2.txt,0,0
./build_data/dataset/C34-Economy/C34-Economy0386.txt,./build_data/dataset-dissim/C34-Economy/C34-Economy0387_dissim1.txt,0,0
./build_data/dataset/C34-Economy/C34-Economy0386.txt,./build_data/dataset-dissim/C34-Economy/C34-Economy0388_dissim2.txt,0,0
./build_data/dataset/C34-Economy/C34-Economy0387.txt,./build_data/dataset-dissim/C34-Economy/C34-Economy0388_dissim1.txt,0,0
./build_data/dataset/C34-Economy/C34-Economy0387.txt,./build_data/dataset-dissim/C34-Economy/C34-Economy0389_dissim2.txt,0,0
./build_data/dataset/C34-Economy/C34-Economy0388.txt,./build_data/dataset-dissim/C34-Economy/C34-Economy0389_dissim1.txt,0,0
./build_data/dataset/C34-Economy/C34-Economy0388.txt,./build_data/dataset-dissim/C34-Economy/C34-Economy0390_dissim2.txt,0,0
./build_data/dataset/C34-Economy/C34-Economy0389.txt,./build_data/dataset-dissim/C34-Economy/C34-Economy0390_dissim1.txt,0,0
./build_data/dataset/C34-Economy/C34-Economy0389.txt,./build_data/dataset-dissim/C34-Economy/C34-Economy0391_dissim2.txt,0,0
./build_data/dataset/C34-Economy/C34-Economy0390.txt,./build_data/dataset-dissim/C34-Economy/C34-Economy0391_dissim1.txt,0,0
./build_data/dataset/C34-Economy/C34-Economy0390.txt,./build_data/dataset-dissim/C34-Economy/C34-Economy0392_dissim2.txt,0,0
./build_data/dataset/C34-Economy/C34-Economy0391.txt,./build_data/dataset-dissim/C34-Economy/C34-Economy0392_dissim1.txt,0,0
./build_data/dataset/C34-Economy/C34-Economy0391.txt,./build_data/dataset-dissim/C34-Economy/C34-Economy0393_dissim2.txt,0,0
./build_data/dataset/C34-Economy/C34-Economy0392.txt,./build_data/dataset-dissim/C34-Economy/C34-Economy0393_dissim1.txt,0,0
./build_data/dataset/C34-Economy/C34-Economy0392.txt,./build_data/dataset-dissim/C34-Economy/C34-Economy0394_dissim2.txt,0,0
./build_data/dataset/C34-Economy/C34-Economy0393.txt,./build_data/dataset-dissim/C34-Economy/C34-Economy0394_dissim1.txt,0,0
./build_data/dataset/C34-Economy/C34-Economy0393.txt,./build_data/dataset-dissim/C34-Economy/C34-Economy0395_dissim2.txt,0,0
./build_data/dataset/C34-Economy/C34-Economy0394.txt,./build_data/dataset-dissim/C34-Economy/C34-Economy0395_dissim1.txt,0,0
./build_data/dataset/C34-Economy/C34-Economy0394.txt,./build_data/dataset-dissim/C34-Economy/C34-Economy0396_dissim2.txt,0,0
./build_data/dataset/C34-Economy/C34-Economy0395.txt,./build_data/dataset-dissim/C34-Economy/C34-Economy0396_dissim1.txt,0,0
./build_data/dataset/C34-Economy/C34-Economy0395.txt,./build_data/dataset-dissim/C34-Economy/C34-Economy0397_dissim2.txt,0,0
./build_data/dataset/C34-Economy/C34-Economy0396.txt,./build_data/dataset-dissim/C34-Economy/C34-Economy0397_dissim1.txt,0,0
./build_data/dataset/C34-Economy/C34-Economy0396.txt,./build_data/dataset-dissim/C34-Economy/C34-Economy0398_dissim2.txt,0,0
./build_data/dataset/C34-Economy/C34-Economy0397.txt,./build_data/dataset-dissim/C34-Economy/C34-Economy0398_dissim1.txt,0,0
./build_data/dataset/C34-Economy/C34-Economy0397.txt,./build_data/dataset-dissim/C34-Economy/C34-Economy0399_dissim2.txt,0,0
./build_data/dataset/C34-Economy/C34-Economy0398.txt,./build_data/dataset-dissim/C34-Economy/C34-Economy0399_dissim1.txt,0,1
./build_data/dataset/C34-Economy/C34-Economy0398.txt,./build_data/dataset-dissim/C34-Economy/C34-Economy0400_dissim2.txt,0,0
./build_data/dataset/C34-Economy/C34-Economy0399.txt,./build_data/dataset-dissim/C34-Economy/C34-Economy0400_dissim1.txt,0,0
./build_data/dataset/C34-Economy/C34-Economy0399.txt,./build_data/dataset-dissim/C34-Economy/C34-Economy0401_dissim2.txt,0,0
./build_data/dataset/C34-Economy/C34-Economy0400.txt,./build_data/dataset-dissim/C34-Economy/C34-Economy0401_dissim1.txt,0,0
./build_data/dataset/C34-Economy/C34-Economy0400.txt,./build_data/dataset-dissim/C34-Economy/C34-Economy0402_dissim2.txt,0,0
./build_data/dataset/C34-Economy/C34-Economy0401.txt,./build_data/dataset-dissim/C34-Economy/C34-Economy0402_dissim1.txt,0,0
./build_data/dataset/C34-Economy/C34-Economy0401.txt,./build_data/dataset-dissim/C34-Economy/C34-Economy0403_dissim2.txt,0,0
./build_data/dataset/C34-Economy/C34-Economy0402.txt,./build_data/dataset-dissim/C34-Economy/C34-Economy0403_dissim1.txt,0,1
./build_data/dataset/C34-Economy/C34-Economy0402.txt,./build_data/dataset-dissim/C34-Economy/C34-Economy0404_dissim2.txt,0,0
./build_data/dataset/C34-Economy/C34-Economy0403.txt,./build_data/dataset-dissim/C34-Economy/C34-Economy0404_dissim1.txt,0,0
./build_data/dataset/C34-Economy/C34-Economy0403.txt,./build_data/dataset-dissim/C34-Economy/C34-Economy0405_dissim2.txt,0,0
./build_data/dataset/C34-Economy/C34-Economy0404.txt,./build_data/dataset-dissim/C34-Economy/C34-Economy0405_dissim1.txt,0,0
./build_data/dataset/C34-Economy/C34-Economy0404.txt,./build_data/dataset-dissim/C34-Economy/C34-Economy0406_dissim2.txt,0,0
./build_data/dataset/C34-Economy/C34-Economy0405.txt,./build_data/dataset-dissim/C34-Economy/C34-Economy0406_dissim1.txt,0,0
./build_data/dataset/C34-Economy/C34-Economy0405.txt,./build_data/dataset-dissim/C34-Economy/C34-Economy0407_dissim2.txt,0,0
./build_data/dataset/C34-Economy/C34-Economy0406.txt,./build_data/dataset-dissim/C34-Economy/C34-Economy0407_dissim1.txt,0,0
./build_data/dataset/C34-Economy/C34-Economy0406.txt,./build_data/dataset-dissim/C34-Economy/C34-Economy0408_dissim2.txt,0,0
./build_data/dataset/C34-Economy/C34-Economy0407.txt,./build_data/dataset-dissim/C34-Economy/C34-Economy0408_dissim1.txt,0,0
./build_data/dataset/C34-Economy/C34-Economy0407.txt,./build_data/dataset-dissim/C34-Economy/C34-Economy0409_dissim2.txt,0,0
./build_data/dataset/C34-Economy/C34-Economy0408.txt,./build_data/dataset-dissim/C34-Economy/C34-Economy0409_dissim1.txt,0,0
./build_data/dataset/C34-Economy/C34-Economy0408.txt,./build_data/dataset-dissim/C34-Economy/C34-Economy0410_dissim2.txt,0,0
./build_data/dataset/C34-Economy/C34-Economy0409.txt,./build_data/dataset-dissim/C34-Economy/C34-Economy0410_dissim1.txt,0,0
./build_data/dataset/C34-Economy/C34-Economy0409.txt,./build_data/dataset-dissim/C34-Economy/C34-Economy0411_dissim2.txt,0,0
./build_data/dataset/C34-Economy/C34-Economy0410.txt,./build_data/dataset-dissim/C34-Economy/C34-Economy0411_dissim1.txt,0,0
./build_data/dataset/C34-Economy/C34-Economy0410.txt,./build_data/dataset-dissim/C34-Economy/C34-Economy0412_dissim2.txt,0,0
./build_data/dataset/C34-Economy/C34-Economy0411.txt,./build_data/dataset-dissim/C34-Economy/C34-Economy0412_dissim1.txt,0,0
./build_data/dataset/C34-Economy/C34-Economy0411.txt,./build_data/dataset-dissim/C34-Economy/C34-Economy0413_dissim2.txt,0,0
./build_data/dataset/C34-Economy/C34-Economy0412.txt,./build_data/dataset-dissim/C34-Economy/C34-Economy0413_dissim1.txt,0,0
./build_data/dataset/C34-Economy/C34-Economy0412.txt,./build_data/dataset-dissim/C34-Economy/C34-Economy0414_dissim2.txt,0,0
./build_data/dataset/C34-Economy/C34-Economy0413.txt,./build_data/dataset-dissim/C34-Economy/C34-Economy0414_dissim1.txt,0,1
./build_data/dataset/C34-Economy/C34-Economy0413.txt,./build_data/dataset-dissim/C34-Economy/C34-Economy0415_dissim2.txt,0,0
./build_data/dataset/C34-Economy/C34-Economy0414.txt,./build_data/dataset-dissim/C34-Economy/C34-Economy0415_dissim1.txt,0,0
./build_data/dataset/C34-Economy/C34-Economy0414.txt,./build_data/dataset-dissim/C34-Economy/C34-Economy0416_dissim2.txt,0,0
./build_data/dataset/C34-Economy/C34-Economy0415.txt,./build_data/dataset-dissim/C34-Economy/C34-Economy0416_dissim1.txt,0,0
./build_data/dataset/C34-Economy/C34-Economy0415.txt,./build_data/dataset-dissim/C34-Economy/C34-Economy0417_dissim2.txt,0,0
./build_data/dataset/C34-Economy/C34-Economy0416.txt,./build_data/dataset-dissim/C34-Economy/C34-Economy0417_dissim1.txt,0,0
./build_data/dataset/C34-Economy/C34-Economy0416.txt,./build_data/dataset-dissim/C34-Economy/C34-Economy0418_dissim2.txt,0,0
./build_data/dataset/C34-Economy/C34-Economy0417.txt,./build_data/dataset-dissim/C34-Economy/C34-Economy0418_dissim1.txt,0,1
./build_data/dataset/C34-Economy/C34-Economy0417.txt,./build_data/dataset-dissim/C34-Economy/C34-Economy0419_dissim2.txt,0,1
./build_data/dataset/C34-Economy/C34-Economy0418.txt,./build_data/dataset-dissim/C34-Economy/C34-Economy0419_dissim1.txt,0,1
./build_data/dataset/C34-Economy/C34-Economy0418.txt,./build_data/dataset-dissim/C34-Economy/C34-Economy0420_dissim2.txt,0,1
./build_data/dataset/C34-Economy/C34-Economy0419.txt,./build_data/dataset-dissim/C34-Economy/C34-Economy0420_dissim1.txt,0,1
./build_data/dataset/C34-Economy/C34-Economy0419.txt,./build_data/dataset-dissim/C34-Economy/C34-Economy0421_dissim2.txt,0,0
./build_data/dataset/C34-Economy/C34-Economy0420.txt,./build_data/dataset-dissim/C34-Economy/C34-Economy0421_dissim1.txt,0,0
./build_data/dataset/C34-Economy/C34-Economy0420.txt,./build_data/dataset-dissim/C34-Economy/C34-Economy0422_dissim2.txt,0,0
./build_data/dataset/C34-Economy/C34-Economy0421.txt,./build_data/dataset-dissim/C34-Economy/C34-Economy0422_dissim1.txt,0,0
./build_data/dataset/C34-Economy/C34-Economy0421.txt,./build_data/dataset-dissim/C34-Economy/C34-Economy0423_dissim2.txt,0,0
./build_data/dataset/C34-Economy/C34-Economy0422.txt,./build_data/dataset-dissim/C34-Economy/C34-Economy0423_dissim1.txt,0,0
./build_data/dataset/C34-Economy/C34-Economy0422.txt,./build_data/dataset-dissim/C34-Economy/C34-Economy0424_dissim2.txt,0,0
./build_data/dataset/C34-Economy/C34-Economy0423.txt,./build_data/dataset-dissim/C34-Economy/C34-Economy0424_dissim1.txt,0,0
./build_data/dataset/C34-Economy/C34-Economy0423.txt,./build_data/dataset-dissim/C34-Economy/C34-Economy0425_dissim2.txt,0,0
./build_data/dataset/C34-Economy/C34-Economy0424.txt,./build_data/dataset-dissim/C34-Economy/C34-Economy0425_dissim1.txt,0,0
./build_data/dataset/C34-Economy/C34-Economy0424.txt,./build_data/dataset-dissim/C34-Economy/C34-Economy0426_dissim2.txt,0,0
./build_data/dataset/C34-Economy/C34-Economy0425.txt,./build_data/dataset-dissim/C34-Economy/C34-Economy0426_dissim1.txt,0,0
./build_data/dataset/C34-Economy/C34-Economy0425.txt,./build_data/dataset-dissim/C34-Economy/C34-Economy0427_dissim2.txt,0,1
./build_data/dataset/C34-Economy/C34-Economy0426.txt,./build_data/dataset-dissim/C34-Economy/C34-Economy0427_dissim1.txt,0,0
./build_data/dataset/C34-Economy/C34-Economy0426.txt,./build_data/dataset-dissim/C34-Economy/C34-Economy0428_dissim2.txt,0,0
./build_data/dataset/C34-Economy/C34-Economy0427.txt,./build_data/dataset-dissim/C34-Economy/C34-Economy0428_dissim1.txt,0,0
./build_data/dataset/C34-Economy/C34-Economy0427.txt,./build_data/dataset-dissim/C34-Economy/C34-Economy0429_dissim2.txt,0,0
./build_data/dataset/C34-Economy/C34-Economy0428.txt,./build_data/dataset-dissim/C34-Economy/C34-Economy0429_dissim1.txt,0,0
./build_data/dataset/C34-Economy/C34-Economy0428.txt,./build_data/dataset-dissim/C34-Economy/C34-Economy0430_dissim2.txt,0,0
./build_data/dataset/C34-Economy/C34-Economy0429.txt,./build_data/dataset-dissim/C34-Economy/C34-Economy0430_dissim1.txt,0,0
./build_data/dataset/C34-Economy/C34-Economy0429.txt,./build_data/dataset-dissim/C34-Economy/C34-Economy0431_dissim2.txt,0,0
./build_data/dataset/C34-Economy/C34-Economy0430.txt,./build_data/dataset-dissim/C34-Economy/C34-Economy0431_dissim1.txt,0,0
./build_data/dataset/C34-Economy/C34-Economy0430.txt,./build_data/dataset-dissim/C34-Economy/C34-Economy0432_dissim2.txt,0,0
./build_data/dataset/C34-Economy/C34-Economy0431.txt,./build_data/dataset-dissim/C34-Economy/C34-Economy0432_dissim1.txt,0,0
./build_data/dataset/C34-Economy/C34-Economy0431.txt,./build_data/dataset-dissim/C34-Economy/C34-Economy0433_dissim2.txt,0,0
./build_data/dataset/C34-Economy/C34-Economy0432.txt,./build_data/dataset-dissim/C34-Economy/C34-Economy0433_dissim1.txt,0,0
./build_data/dataset/C34-Economy/C34-Economy0432.txt,./build_data/dataset-dissim/C34-Economy/C34-Economy0434_dissim2.txt,0,0
./build_data/dataset/C34-Economy/C34-Economy0433.txt,./build_data/dataset-dissim/C34-Economy/C34-Economy0434_dissim1.txt,0,0
./build_data/dataset/C34-Economy/C34-Economy0433.txt,./build_data/dataset-dissim/C34-Economy/C34-Economy0435_dissim2.txt,0,0
./build_data/dataset/C34-Economy/C34-Economy0434.txt,./build_data/dataset-dissim/C34-Economy/C34-Economy0435_dissim1.txt,0,0
./build_data/dataset/C34-Economy/C34-Economy0434.txt,./build_data/dataset-dissim/C34-Economy/C34-Economy0436_dissim2.txt,0,0
./build_data/dataset/C34-Economy/C34-Economy0435.txt,./build_data/dataset-dissim/C34-Economy/C34-Economy0436_dissim1.txt,0,0
./build_data/dataset/C34-Economy/C34-Economy0435.txt,./build_data/dataset-dissim/C34-Economy/C34-Economy0437_dissim2.txt,0,1
./build_data/dataset/C34-Economy/C34-Economy0436.txt,./build_data/dataset-dissim/C34-Economy/C34-Economy0437_dissim1.txt,0,1
./build_data/dataset/C34-Economy/C34-Economy0436.txt,./build_data/dataset-dissim/C34-Economy/C34-Economy0438_dissim2.txt,0,0
./build_data/dataset/C34-Economy/C34-Economy0437.txt,./build_data/dataset-dissim/C34-Economy/C34-Economy0438_dissim1.txt,0,0
./build_data/dataset/C34-Economy/C34-Economy0437.txt,./build_data/dataset-dissim/C34-Economy/C34-Economy0439_dissim2.txt,0,0
./build_data/dataset/C34-Economy/C34-Economy0438.txt,./build_data/dataset-dissim/C34-Economy/C34-Economy0439_dissim1.txt,0,0
./build_data/dataset/C34-Economy/C34-Economy0438.txt,./build_data/dataset-dissim/C34-Economy/C34-Economy0440_dissim2.txt,0,0
./build_data/dataset/C34-Economy/C34-Economy0439.txt,./build_data/dataset-dissim/C34-Economy/C34-Economy0440_dissim1.txt,0,0
./build_data/dataset/C34-Economy/C34-Economy0439.txt,./build_data/dataset-dissim/C34-Economy/C34-Economy0441_dissim2.txt,0,0
./build_data/dataset/C34-Economy/C34-Economy0440.txt,./build_data/dataset-dissim/C34-Economy/C34-Economy0441_dissim1.txt,0,0
./build_data/dataset/C34-Economy/C34-Economy0440.txt,./build_data/dataset-dissim/C34-Economy/C34-Economy0442_dissim2.txt,0,0
./build_data/dataset/C34-Economy/C34-Economy0441.txt,./build_data/dataset-dissim/C34-Economy/C34-Economy0442_dissim1.txt,0,0
./build_data/dataset/C34-Economy/C34-Economy0441.txt,./build_data/dataset-dissim/C34-Economy/C34-Economy0443_dissim2.txt,0,1
./build_data/dataset/C34-Economy/C34-Economy0442.txt,./build_data/dataset-dissim/C34-Economy/C34-Economy0443_dissim1.txt,0,1
./build_data/dataset/C34-Economy/C34-Economy0442.txt,./build_data/dataset-dissim/C34-Economy/C34-Economy0444_dissim2.txt,0,0
./build_data/dataset/C34-Economy/C34-Economy0443.txt,./build_data/dataset-dissim/C34-Economy/C34-Economy0444_dissim1.txt,0,0
./build_data/dataset/C34-Economy/C34-Economy0443.txt,./build_data/dataset-dissim/C34-Economy/C34-Economy0445_dissim2.txt,0,1
./build_data/dataset/C34-Economy/C34-Economy0444.txt,./build_data/dataset-dissim/C34-Economy/C34-Economy0445_dissim1.txt,0,1
./build_data/dataset/C34-Economy/C34-Economy0444.txt,./build_data/dataset-dissim/C34-Economy/C34-Economy0446_dissim2.txt,0,1
./build_data/dataset/C34-Economy/C34-Economy0445.txt,./build_data/dataset-dissim/C34-Economy/C34-Economy0446_dissim1.txt,0,1
./build_data/dataset/C34-Economy/C34-Economy0445.txt,./build_data/dataset-dissim/C34-Economy/C34-Economy0447_dissim2.txt,0,1
./build_data/dataset/C34-Economy/C34-Economy0446.txt,./build_data/dataset-dissim/C34-Economy/C34-Economy0447_dissim1.txt,0,0
./build_data/dataset/C34-Economy/C34-Economy0446.txt,./build_data/dataset-dissim/C34-Economy/C34-Economy0448_dissim2.txt,0,0
./build_data/dataset/C34-Economy/C34-Economy0447.txt,./build_data/dataset-dissim/C34-Economy/C34-Economy0448_dissim1.txt,0,1
./build_data/dataset/C34-Economy/C34-Economy0447.txt,./build_data/dataset-dissim/C34-Economy/C34-Economy0449_dissim2.txt,0,1
./build_data/dataset/C34-Economy/C34-Economy0448.txt,./build_data/dataset-dissim/C34-Economy/C34-Economy0449_dissim1.txt,0,1
./build_data/dataset/C34-Economy/C34-Economy0448.txt,./build_data/dataset-dissim/C34-Economy/C34-Economy0450_dissim2.txt,0,0
./build_data/dataset/C34-Economy/C34-Economy0449.txt,./build_data/dataset-dissim/C34-Economy/C34-Economy0450_dissim1.txt,0,0
./build_data/dataset/C34-Economy/C34-Economy0449.txt,./build_data/dataset-dissim/C34-Economy/C34-Economy0451_dissim2.txt,0,0
./build_data/dataset/C34-Economy/C34-Economy0450.txt,./build_data/dataset-dissim/C34-Economy/C34-Economy0451_dissim1.txt,0,0
./build_data/dataset/C34-Economy/C34-Economy0450.txt,./build_data/dataset-dissim/C34-Economy/C34-Economy0452_dissim2.txt,0,0
./build_data/dataset/C34-Economy/C34-Economy0451.txt,./build_data/dataset-dissim/C34-Economy/C34-Economy0452_dissim1.txt,0,0
./build_data/dataset/C34-Economy/C34-Economy0451.txt,./build_data/dataset-dissim/C34-Economy/C34-Economy0453_dissim2.txt,0,0
./build_data/dataset/C34-Economy/C34-Economy0452.txt,./build_data/dataset-dissim/C34-Economy/C34-Economy0453_dissim1.txt,0,0
./build_data/dataset/C34-Economy/C34-Economy0452.txt,./build_data/dataset-dissim/C34-Economy/C34-Economy0454_dissim2.txt,0,0
./build_data/dataset/C34-Economy/C34-Economy0453.txt,./build_data/dataset-dissim/C34-Economy/C34-Economy0454_dissim1.txt,0,0
./build_data/dataset/C34-Economy/C34-Economy0453.txt,./build_data/dataset-dissim/C34-Economy/C34-Economy0455_dissim2.txt,0,0
./build_data/dataset/C34-Economy/C34-Economy0454.txt,./build_data/dataset-dissim/C34-Economy/C34-Economy0455_dissim1.txt,0,0
./build_data/dataset/C34-Economy/C34-Economy0454.txt,./build_data/dataset-dissim/C34-Economy/C34-Economy0456_dissim2.txt,0,0
./build_data/dataset/C34-Economy/C34-Economy0455.txt,./build_data/dataset-dissim/C34-Economy/C34-Economy0456_dissim1.txt,0,0
./build_data/dataset/C34-Economy/C34-Economy0455.txt,./build_data/dataset-dissim/C34-Economy/C34-Economy0457_dissim2.txt,0,0
./build_data/dataset/C34-Economy/C34-Economy0456.txt,./build_data/dataset-dissim/C34-Economy/C34-Economy0457_dissim1.txt,0,0
./build_data/dataset/C34-Economy/C34-Economy0456.txt,./build_data/dataset-dissim/C34-Economy/C34-Economy0458_dissim2.txt,0,0
./build_data/dataset/C34-Economy/C34-Economy0457.txt,./build_data/dataset-dissim/C34-Economy/C34-Economy0458_dissim1.txt,0,0
./build_data/dataset/C34-Economy/C34-Economy0457.txt,./build_data/dataset-dissim/C34-Economy/C34-Economy0459_dissim2.txt,0,0
./build_data/dataset/C34-Economy/C34-Economy0458.txt,./build_data/dataset-dissim/C34-Economy/C34-Economy0459_dissim1.txt,0,0
./build_data/dataset/C34-Economy/C34-Economy0458.txt,./build_data/dataset-dissim/C34-Economy/C34-Economy0460_dissim2.txt,0,0
./build_data/dataset/C34-Economy/C34-Economy0459.txt,./build_data/dataset-dissim/C34-Economy/C34-Economy0460_dissim1.txt,0,0
./build_data/dataset/C34-Economy/C34-Economy0459.txt,./build_data/dataset-dissim/C34-Economy/C34-Economy0461_dissim2.txt,0,0
./build_data/dataset/C34-Economy/C34-Economy0460.txt,./build_data/dataset-dissim/C34-Economy/C34-Economy0461_dissim1.txt,0,1
./build_data/dataset/C34-Economy/C34-Economy0460.txt,./build_data/dataset-dissim/C34-Economy/C34-Economy0462_dissim2.txt,0,0
./build_data/dataset/C34-Economy/C34-Economy0461.txt,./build_data/dataset-dissim/C34-Economy/C34-Economy0462_dissim1.txt,0,0
./build_data/dataset/C34-Economy/C34-Economy0461.txt,./build_data/dataset-dissim/C34-Economy/C34-Economy0463_dissim2.txt,0,0
./build_data/dataset/C34-Economy/C34-Economy0462.txt,./build_data/dataset-dissim/C34-Economy/C34-Economy0463_dissim1.txt,0,0
./build_data/dataset/C34-Economy/C34-Economy0462.txt,./build_data/dataset-dissim/C34-Economy/C34-Economy0464_dissim2.txt,0,0
./build_data/dataset/C34-Economy/C34-Economy0463.txt,./build_data/dataset-dissim/C34-Economy/C34-Economy0464_dissim1.txt,0,0
./build_data/dataset/C34-Economy/C34-Economy0463.txt,./build_data/dataset-dissim/C34-Economy/C34-Economy0465_dissim2.txt,0,0
./build_data/dataset/C34-Economy/C34-Economy0464.txt,./build_data/dataset-dissim/C34-Economy/C34-Economy0465_dissim1.txt,0,0
./build_data/dataset/C34-Economy/C34-Economy0464.txt,./build_data/dataset-dissim/C34-Economy/C34-Economy0466_dissim2.txt,0,0
./build_data/dataset/C34-Economy/C34-Economy0465.txt,./build_data/dataset-dissim/C34-Economy/C34-Economy0466_dissim1.txt,0,0
./build_data/dataset/C34-Economy/C34-Economy0465.txt,./build_data/dataset-dissim/C34-Economy/C34-Economy0467_dissim2.txt,0,0
./build_data/dataset/C34-Economy/C34-Economy0466.txt,./build_data/dataset-dissim/C34-Economy/C34-Economy0467_dissim1.txt,0,0
./build_data/dataset/C34-Economy/C34-Economy0466.txt,./build_data/dataset-dissim/C34-Economy/C34-Economy0468_dissim2.txt,0,1
./build_data/dataset/C34-Economy/C34-Economy0467.txt,./build_data/dataset-dissim/C34-Economy/C34-Economy0468_dissim1.txt,0,0
./build_data/dataset/C34-Economy/C34-Economy0467.txt,./build_data/dataset-dissim/C34-Economy/C34-Economy0469_dissim2.txt,0,0
./build_data/dataset/C34-Economy/C34-Economy0468.txt,./build_data/dataset-dissim/C34-Economy/C34-Economy0469_dissim1.txt,0,0
./build_data/dataset/C34-Economy/C34-Economy0468.txt,./build_data/dataset-dissim/C34-Economy/C34-Economy0470_dissim2.txt,0,0
./build_data/dataset/C34-Economy/C34-Economy0469.txt,./build_data/dataset-dissim/C34-Economy/C34-Economy0470_dissim1.txt,0,0
./build_data/dataset/C34-Economy/C34-Economy0469.txt,./build_data/dataset-dissim/C34-Economy/C34-Economy0471_dissim2.txt,0,0
./build_data/dataset/C34-Economy/C34-Economy0470.txt,./build_data/dataset-dissim/C34-Economy/C34-Economy0471_dissim1.txt,0,0
./build_data/dataset/C34-Economy/C34-Economy0470.txt,./build_data/dataset-dissim/C34-Economy/C34-Economy0472_dissim2.txt,0,0
./build_data/dataset/C34-Economy/C34-Economy0471.txt,./build_data/dataset-dissim/C34-Economy/C34-Economy0472_dissim1.txt,0,0
./build_data/dataset/C34-Economy/C34-Economy0471.txt,./build_data/dataset-dissim/C34-Economy/C34-Economy0473_dissim2.txt,0,0
./build_data/dataset/C34-Economy/C34-Economy0472.txt,./build_data/dataset-dissim/C34-Economy/C34-Economy0473_dissim1.txt,0,0
./build_data/dataset/C34-Economy/C34-Economy0472.txt,./build_data/dataset-dissim/C34-Economy/C34-Economy0474_dissim2.txt,0,0
